Frequency Value,FP01,FP02,FP03,FP04,FP05,FP06,FP07,FP08,FP09,FP10,FP11,FP12,FP13,FP14,FP15,FP16,FP17,FP18,FP19,FP20,FP21,FP22,FP23,FP24,FP25,FP26,FP27,FP28,FP29,FP30,FP31,FP32
0,0.681841,0.645015,0.653869,0.254226,0.197325,0.062711,1,0.650196,0.024276,0.241228,0.163024,0.089949,0.436402,0.351924,0.432283,0.44081,0.090502,0.004488,0.006833,0.078764,0.043668,0.027896,0.105599,0.0368,0.009673,0.081956,0.082121,0.132461,0.000673,0.064137,0.0007,0.049501
0.390625,0.672846,0.761662,0.78777,0.561053,0.288181,0.170525,1,0.783261,0.188211,0.465502,0.398743,0.14701,0.495988,0.521629,0.563732,0.447362,0.075192,0.035998,0.035635,0.042002,0.043209,0.033305,0.028278,0.028802,0.025657,0.039789,0.063673,0.059003,0.205788,0.022636,0.020228,0.055981
0.78125,0.575695,0.654377,0.864747,0.687023,0.159187,0.062111,1,0.816283,0.175252,0.632027,0.334121,0.203877,0.529154,0.602357,0.671264,0.376377,0.04187,0.011445,0.033334,0.007279,0.006042,0.015726,0.014153,0.029259,0.042617,0.057853,0.057507,0.008509,0.138941,0.006732,0.00711,0.021374
1.171875,0.449938,0.618029,0.848388,0.747697,0.179617,0.048606,1,0.753341,0.282826,0.670598,0.41044,0.276767,0.535039,0.662418,0.558077,0.379273,0.027342,0.023223,0.035128,0.120773,0.069413,0.039445,0.109151,0.16854,0.080325,0.161146,0.019317,0.067695,0.055321,0.019513,0.051352,0.041535
1.5625,0.258429,0.300247,0.811679,0.679138,0.127565,0.041104,1,0.759189,0.290366,0.579515,0.424663,0.150791,0.285824,0.553046,0.53715,0.09074,0.101478,0.090291,0.105872,0.240629,0.19855,0.143233,0.209257,0.25498,0.172502,0.220428,0.075039,0.186196,0.070758,0.062541,0.159386,0.144827
1.953125,0.270706,0.166664,0.844945,0.653701,0.286691,0.201861,1,0.762445,0.221789,0.495127,0.136622,0.109043,0.331943,0.489317,0.387443,0.09906,0.052348,0.050503,0.099392,0.161533,0.153544,0.133354,0.166592,0.190993,0.182065,0.215849,0.073743,0.15966,0.10985,0.048382,0.154062,0.127717
2.34375,0.449314,0.187127,0.81614,0.659179,0.494971,0.107843,1,0.683364,0.421005,0.260698,0.037442,0.303247,0.467626,0.461311,0.102566,0.170259,0.154317,0.104064,0.157896,0.300642,0.277616,0.191678,0.274635,0.311312,0.27547,0.29398,0.117132,0.299571,0.097109,0.042924,0.227788,0.25555
2.734375,0.373573,0.106832,0.845328,0.648325,0.356441,0.10303,1,0.686792,0.412771,0.330432,0.014072,0.343988,0.460971,0.468047,0.047801,0.112295,0.152271,0.107135,0.142103,0.319477,0.280237,0.187234,0.276275,0.322712,0.252655,0.280795,0.109525,0.275983,0.080462,0.026851,0.218059,0.223878
3.125,0.340099,0.079193,0.785141,0.597956,0.394245,0.192142,1,0.759207,0.55939,0.362744,0.00802,0.231044,0.407029,0.394656,0.038828,0.175498,0.238913,0.188178,0.229194,0.354477,0.349912,0.258028,0.354333,0.370982,0.287183,0.305635,0.182436,0.32798,0.097544,0.088431,0.285781,0.285233
3.515625,0.318415,0.02435,0.832398,0.635572,0.368386,0.142759,1,0.790264,0.688479,0.41079,0.022136,0.457266,0.443235,0.536638,0.096765,0.176877,0.472964,0.444289,0.375735,0.512595,0.523461,0.475426,0.497668,0.536336,0.411917,0.478974,0.40087,0.555406,0.031496,0.273653,0.488275,0.543381
3.90625,0.436106,0.03842,0.834189,0.634904,0.484787,0.028234,1,0.699064,0.723382,0.342086,0.085419,0.439505,0.344239,0.345606,0.118978,0.247929,0.414073,0.358186,0.409126,0.507756,0.480191,0.411991,0.504692,0.528745,0.434734,0.443767,0.283736,0.51496,0.089993,0.100914,0.458336,0.480602
4.296875,0.312166,0.129781,0.899465,0.665831,0.482979,0.179502,1,0.800672,0.758774,0.427739,0.108996,0.482057,0.477969,0.535952,0.197999,0.307355,0.419832,0.392274,0.483056,0.571478,0.465137,0.442391,0.532874,0.560893,0.473513,0.549229,0.303125,0.485836,0.103525,0.181456,0.430294,0.432676
4.6875,0.478755,0.022584,0.893449,0.686197,0.546048,0.05105,1,0.858183,0.773049,0.368693,0.093906,0.60405,0.432729,0.503905,0.213667,0.36117,0.495875,0.439088,0.60378,0.650478,0.555508,0.514852,0.614137,0.641094,0.568642,0.61164,0.353728,0.566901,0.229943,0.19569,0.502292,0.535331
5.078125,0.466116,0.026839,0.904049,0.77552,0.602814,0.044781,1,0.877415,0.724979,0.455607,0.083719,0.584931,0.44793,0.493062,0.089438,0.303078,0.493961,0.44422,0.575858,0.629166,0.565375,0.508221,0.607686,0.618736,0.524757,0.56414,0.350975,0.551236,0.145867,0.196951,0.49326,0.501068
5.46875,0.251135,0.016791,0.88837,0.732218,0.454097,0.096985,1,0.875823,0.667105,0.280371,0.049484,0.460735,0.472853,0.465828,0.122957,0.109382,0.490713,0.426339,0.604644,0.624978,0.585633,0.520921,0.613358,0.605297,0.53932,0.549698,0.39104,0.545516,0.113031,0.216102,0.49813,0.480408
5.859375,0.346656,0.074319,0.889321,0.780874,0.476576,0.160549,1,0.910677,0.668166,0.209906,0.020394,0.476177,0.444586,0.414236,0.162531,0.223472,0.373147,0.271966,0.612172,0.557176,0.523729,0.417644,0.571649,0.549255,0.578789,0.468674,0.265818,0.474454,0.296606,0.133965,0.423165,0.40178
6.25,0.376667,0.059459,0.891383,0.831601,0.517937,0.134989,1,0.89251,0.650845,0.311533,0.056626,0.495392,0.473062,0.546163,0.24508,0.249139,0.393446,0.35996,0.431031,0.476552,0.449298,0.443629,0.464715,0.488097,0.43528,0.461848,0.300123,0.465047,0.06533,0.166325,0.398706,0.435902
6.640625,0.448706,0.034447,0.905013,0.770219,0.605279,0.130752,1,0.921521,0.706624,0.351563,0.052672,0.639043,0.503683,0.566785,0.076988,0.142753,0.381738,0.359699,0.433468,0.472754,0.462154,0.459255,0.484618,0.49456,0.482673,0.44181,0.296469,0.493128,0.037069,0.150992,0.413397,0.463963
7.03125,0.356563,0.123949,0.846876,0.777767,0.529197,0.357219,1,0.891846,0.655726,0.189901,0.073214,0.525494,0.609335,0.578369,0.058689,0.022858,0.314272,0.308325,0.31015,0.362144,0.353008,0.34602,0.351552,0.373151,0.315162,0.293795,0.210567,0.383017,0.054821,0.078212,0.305333,0.386514
7.421875,0.458062,0.035522,0.90121,0.7854,0.560642,0.20699,1,0.910937,0.556734,0.143431,0.01527,0.529723,0.507167,0.536405,0.156603,0.02899,0.178962,0.160722,0.248403,0.289913,0.228505,0.197506,0.25057,0.273087,0.186166,0.232791,0.10642,0.233034,0.053717,0.039,0.165439,0.196878
7.8125,0.36396,0.026892,0.908412,0.779787,0.590584,0.089404,1,0.926766,0.428828,0.12865,0.005705,0.538081,0.630452,0.583146,0.041436,0.071121,0.041911,0.035014,0.094548,0.120131,0.070175,0.056199,0.097865,0.127116,0.064521,0.057428,0.001954,0.063579,0.034145,0.001523,0.022176,0.037517
8.203125,0.271506,0.042894,0.890549,0.796756,0.49948,0.106927,1,0.903839,0.434589,0.268378,0.078328,0.392893,0.556257,0.626828,0.163016,0.030501,0.117505,0.100614,0.173281,0.196001,0.138015,0.134328,0.178011,0.192519,0.150837,0.152928,0.062365,0.130448,0.010379,0.03365,0.08587,0.106676
8.59375,0.296641,0.046222,0.903163,0.818806,0.541175,0.153107,1,0.881375,0.502317,0.287776,0.081798,0.441235,0.536958,0.653805,0.089022,0.06181,0.201217,0.181186,0.110947,0.172987,0.206651,0.203444,0.180191,0.18812,0.168053,0.169704,0.175276,0.207372,0.043297,0.14531,0.18457,0.215873
8.984375,0.443766,0.204247,0.819951,0.694623,0.456205,0.308965,1,0.871438,0.470182,0.274463,0.13252,0.287306,0.419083,0.477185,0.137944,0.084018,0.321137,0.305348,0.213794,0.284913,0.314654,0.332419,0.285438,0.304398,0.274,0.222393,0.267548,0.317378,0.095183,0.230037,0.297597,0.307695
9.375,0.391607,0.036295,0.804587,0.639685,0.226575,0.101771,1,0.858156,0.458525,0.369501,0.208641,0.262673,0.182931,0.271838,0.153025,0.021615,0.313647,0.27363,0.200783,0.302997,0.285942,0.282073,0.272435,0.305112,0.213313,0.192947,0.170442,0.275957,0.050556,0.127107,0.218285,0.24093
9.765625,0.304595,0.061376,0.810424,0.704912,0.226302,0.18225,1,0.890941,0.485923,0.279958,0.023843,0.085954,0.273202,0.394097,0.141968,0.00882,0.297306,0.283591,0.19648,0.31009,0.285161,0.30106,0.274773,0.309673,0.229714,0.241153,0.228197,0.287155,0.02971,0.176152,0.253268,0.27112
10.15625,0.211192,0.229057,0.821121,0.704807,0.289703,0.300401,1,0.872331,0.581462,0.353964,0.018926,0.204161,0.351996,0.411971,0.248783,0.082378,0.51359,0.459762,0.3698,0.476452,0.555879,0.512131,0.503906,0.49618,0.445323,0.395363,0.455074,0.518286,0.166367,0.402239,0.483471,0.495206
10.546875,0.15062,0.020965,0.783665,0.698169,0.27392,0.151317,1,0.874914,0.447264,0.200232,0.002873,0.331353,0.409532,0.383032,0.156747,0.03929,0.312609,0.277913,0.166912,0.265636,0.342058,0.290822,0.273986,0.297927,0.219079,0.211172,0.236354,0.29025,0.080812,0.230285,0.251306,0.286466
10.9375,0.328821,0.041579,0.820608,0.728351,0.375136,0.175087,1,0.885192,0.649217,0.26816,0.008426,0.505839,0.334716,0.370333,0.101727,0.039655,0.341696,0.33279,0.175588,0.285351,0.335284,0.321974,0.314037,0.323978,0.25915,0.243016,0.250302,0.31814,0.154836,0.247708,0.273256,0.278255
11.328125,0.233466,0.201365,0.858884,0.753124,0.314021,0.323799,1,0.893884,0.532416,0.431328,0.079201,0.353131,0.387471,0.481118,0.233718,0.045765,0.300369,0.305998,0.183362,0.255568,0.290511,0.294754,0.280703,0.288066,0.237926,0.240914,0.279803,0.307547,0.163508,0.271599,0.266059,0.279898
11.71875,0.388918,0.049252,0.892384,0.832451,0.390094,0.254614,1,0.906134,0.436686,0.218113,0.051839,0.472211,0.469703,0.415642,0.169916,0.013998,0.227401,0.216122,0.12198,0.171395,0.224333,0.183478,0.200643,0.206001,0.159303,0.143177,0.213906,0.224058,0.092592,0.206404,0.210763,0.198339
12.109375,0.447094,0.007628,0.836187,0.734739,0.319483,0.12023,1,0.898177,0.537354,0.20713,0.02519,0.461626,0.311426,0.396866,0.169816,0.016087,0.324532,0.295801,0.287443,0.316584,0.377329,0.311972,0.359059,0.352491,0.344867,0.295005,0.276965,0.336459,0.087015,0.255664,0.305614,0.303592
12.5,0.267083,0.03056,0.774657,0.662284,0.258334,0.080701,1,0.865704,0.570954,0.336369,0.105328,0.320144,0.362911,0.357271,0.162875,0.059551,0.486374,0.439349,0.369591,0.440424,0.532188,0.448681,0.493818,0.4827,0.451223,0.418096,0.395365,0.501742,0.100944,0.361144,0.447272,0.458576
12.890625,0.30323,0.021405,0.86143,0.718768,0.271046,0.086426,1,0.860694,0.561099,0.443491,0.143966,0.242219,0.435339,0.443349,0.262306,0.023894,0.3912,0.351178,0.412551,0.471944,0.472501,0.439252,0.499851,0.4996,0.503883,0.476494,0.314147,0.461062,0.027568,0.25704,0.378949,0.435135
13.28125,0.551366,0.047452,0.827196,0.719874,0.316167,0.138476,1,0.889234,0.566805,0.259359,0.052533,0.432452,0.440376,0.351424,0.099277,0.102455,0.362971,0.345823,0.284309,0.331405,0.381078,0.359566,0.374128,0.355512,0.402326,0.385269,0.379607,0.39265,0.153841,0.364438,0.377634,0.402098
13.671875,0.296191,0.032697,0.767923,0.651843,0.339934,0.141647,1,0.885299,0.632614,0.361962,0.092412,0.276796,0.344254,0.482997,0.138701,0.085283,0.434327,0.413907,0.361383,0.471382,0.476686,0.439147,0.463802,0.497698,0.435219,0.423384,0.338619,0.484904,0.061129,0.312787,0.372748,0.523591
14.0625,0.317398,0.023668,0.833486,0.741591,0.358051,0.059438,1,0.86619,0.463983,0.447191,0.053297,0.34983,0.24045,0.444739,0.178819,0.045202,0.317617,0.303331,0.294173,0.346678,0.356566,0.376328,0.352646,0.358061,0.356751,0.375817,0.312625,0.346113,0.164627,0.323192,0.311528,0.355133
14.453125,0.380245,0.012783,0.807715,0.695519,0.268432,0.090835,1,0.861694,0.545489,0.450858,0.03208,0.456455,0.218081,0.342121,0.138271,0.010591,0.36189,0.354963,0.304289,0.410228,0.406096,0.391472,0.424158,0.422056,0.386483,0.40961,0.325152,0.398964,0.140618,0.315457,0.357012,0.405911
14.84375,0.324049,0.103575,0.772464,0.704892,0.217212,0.202477,1,0.853281,0.596183,0.303221,0.137921,0.278505,0.251546,0.332641,0.199567,0.068025,0.520519,0.535377,0.383544,0.502821,0.506497,0.496864,0.522288,0.507109,0.516569,0.494848,0.442051,0.539406,0.172758,0.441749,0.487976,0.522905
15.234375,0.365804,0.013061,0.771194,0.665586,0.157988,0.076607,1,0.863174,0.524601,0.283921,0.043934,0.310575,0.292498,0.273481,0.111063,0.021431,0.439815,0.425318,0.441376,0.474222,0.483544,0.443456,0.487504,0.482475,0.481324,0.476262,0.34236,0.466904,0.056902,0.303021,0.397949,0.452708
15.625,0.244033,0.043615,0.726497,0.707563,0.304187,0.36341,1,0.837007,0.619652,0.236374,0.111443,0.240928,0.274645,0.243353,0.199552,0.016424,0.282315,0.255917,0.385348,0.365222,0.370273,0.297929,0.356556,0.357812,0.332937,0.308627,0.215658,0.311573,0.082932,0.201313,0.249797,0.312168
16.015625,0.212107,0.030755,0.610276,0.583808,0.10731,0.077551,1,0.821649,0.557636,0.169955,0.055745,0.230989,0.282567,0.147983,0.041799,0.006622,0.260577,0.261013,0.285703,0.317992,0.293665,0.316104,0.364385,0.329853,0.340993,0.336705,0.249448,0.334957,0.089484,0.21409,0.307096,0.29236
16.40625,0.341122,0.015955,0.634817,0.61069,0.243142,0.087645,1,0.853566,0.46686,0.050294,0.0138,0.181154,0.208589,0.093933,0.007575,0.046564,0.200217,0.175649,0.199113,0.214374,0.225746,0.214398,0.229058,0.222315,0.234923,0.228834,0.157477,0.234091,0.03224,0.161477,0.185608,0.245893
16.796875,0.466739,0.004633,0.728819,0.60203,0.349324,0.127299,1,0.86813,0.485395,0.067725,0.015794,0.432398,0.284783,0.156054,0.051043,0.098896,0.429098,0.386312,0.345552,0.371742,0.465498,0.414927,0.417836,0.390455,0.435168,0.359374,0.322531,0.459943,0.083945,0.30108,0.383397,0.475681
17.1875,0.332425,0.010252,0.65575,0.612238,0.278807,0.169042,1,0.855971,0.522088,0.209043,0.017507,0.427597,0.258545,0.24494,0.119368,0.01494,0.370237,0.334578,0.296539,0.33937,0.372031,0.32327,0.357038,0.358435,0.279136,0.22328,0.220464,0.37639,0.049848,0.194325,0.26607,0.377128
17.578125,0.316889,0.005008,0.720526,0.630946,0.352587,0.211131,1,0.792213,0.516254,0.191508,0.002088,0.518097,0.421496,0.213095,0.017865,0.071315,0.371084,0.325807,0.29705,0.284569,0.335431,0.307507,0.29188,0.290793,0.212733,0.190334,0.240243,0.317692,0.067442,0.247878,0.242562,0.367445
17.96875,0.450591,0.033342,0.782386,0.696952,0.386536,0.125188,1,0.863086,0.434838,0.161992,0.049236,0.340127,0.324541,0.240908,0.040926,0.045017,0.452673,0.428358,0.220689,0.279272,0.459318,0.36631,0.316821,0.268306,0.232921,0.197777,0.391142,0.374182,0.249563,0.406962,0.36705,0.443481
18.359375,0.528681,0.077068,0.718826,0.643499,0.463314,0.069381,1,0.857288,0.55466,0.124279,0.005992,0.441884,0.111782,0.044374,0.009074,0.165624,0.628256,0.616787,0.422782,0.590521,0.658853,0.63491,0.648286,0.633899,0.554492,0.512481,0.524022,0.662143,0.187278,0.492135,0.578285,0.654824
18.75,0.467626,0.118042,0.529414,0.475215,0.329579,0.021925,1,0.889922,0.586665,0.057278,0.005147,0.453278,0.097614,0.048542,0.039053,0.149275,0.481878,0.451073,0.276943,0.471181,0.538899,0.468889,0.484993,0.518372,0.364115,0.347283,0.381187,0.479675,0.214187,0.400486,0.428076,0.474705
19.140625,0.383064,0.106609,0.599721,0.5819,0.298602,0.037151,1,0.892981,0.482229,0.173484,0.020428,0.454373,0.179429,0.095645,0.0102,0.199913,0.411125,0.355425,0.205095,0.320961,0.442867,0.392168,0.402593,0.349458,0.294422,0.19571,0.338755,0.383903,0.162796,0.332317,0.368992,0.388058
19.53125,0.414217,0.062783,0.698253,0.555056,0.323965,0.017241,1,0.87505,0.499044,0.110541,0.018718,0.539223,0.180198,0.073437,0.002461,0.322229,0.454181,0.446006,0.374371,0.433545,0.501985,0.4912,0.517725,0.468793,0.462536,0.362501,0.345294,0.51232,0.069852,0.306032,0.41728,0.500124
19.921875,0.304499,0.042916,0.632141,0.47853,0.302687,0.045652,1,0.824738,0.440196,0.090059,0.010864,0.438135,0.239713,0.045815,0.018193,0.180344,0.258549,0.253401,0.121878,0.174012,0.215494,0.226532,0.215242,0.209516,0.181543,0.177921,0.203023,0.248142,0.092907,0.201222,0.219807,0.240109
20.3125,0.441807,0.064285,0.636731,0.597362,0.213595,0.039024,1,0.90986,0.678954,0.229182,0.005257,0.504767,0.227497,0.131252,0.046347,0.129802,0.295344,0.292811,0.164003,0.241055,0.281153,0.298715,0.288426,0.291194,0.287599,0.30567,0.242869,0.331873,0.071264,0.236399,0.273644,0.305943
20.703125,0.320436,0.067852,0.558163,0.613015,0.096009,0.047743,1,0.867162,0.407863,0.144444,0.015409,0.406643,0.186941,0.189813,0.031009,0.036489,0.259485,0.258481,0.242247,0.330051,0.281789,0.283471,0.297184,0.33606,0.249356,0.256776,0.187273,0.302403,0.067422,0.172017,0.22381,0.291389
21.09375,0.348693,0.047771,0.576567,0.597314,0.174747,0.040157,1,0.80798,0.249371,0.063421,0.020887,0.250465,0.055992,0.043365,0.010647,0.020796,0.183542,0.181481,0.11609,0.155816,0.187292,0.170548,0.182105,0.158685,0.163144,0.110347,0.135602,0.194814,0.056059,0.12623,0.144541,0.184442
21.484375,0.238154,0.078608,0.513312,0.508083,0.118165,0.028991,1,0.774403,0.264623,0.181661,0.018876,0.306091,0.121416,0.117099,0.034373,0.113683,0.100568,0.114906,0.053407,0.106608,0.140039,0.120258,0.139213,0.13624,0.100536,0.105009,0.071771,0.125295,0.025675,0.066989,0.086177,0.125102
21.875,0.344704,0.11588,0.54354,0.517161,0.188723,0.094966,1,0.826561,0.399159,0.080763,0.022381,0.434544,0.163417,0.062988,0.010829,0.108734,0.182025,0.184745,0.042812,0.1023,0.208203,0.140061,0.142892,0.130577,0.066391,0.030721,0.151628,0.170583,0.115898,0.164285,0.160565,0.191741
22.265625,0.216293,0.030864,0.536344,0.478538,0.215031,0.143317,1,0.804163,0.515304,0.070057,0.006532,0.485183,0.154153,0.069187,0.009178,0.212016,0.379422,0.358023,0.331304,0.453228,0.466977,0.385676,0.441317,0.459008,0.29279,0.261749,0.214723,0.400609,0.052922,0.201529,0.267662,0.399309
22.65625,0.277084,0.069587,0.698166,0.682237,0.257543,0.048109,1,0.858666,0.486996,0.11878,0.004567,0.484345,0.262117,0.076442,0.012949,0.148279,0.47163,0.440182,0.229088,0.39388,0.507373,0.435607,0.435803,0.427052,0.330706,0.257328,0.368212,0.467227,0.084743,0.307965,0.4225,0.484715
23.046875,0.330586,0.126531,0.575307,0.495537,0.246247,0.011505,1,0.829194,0.503213,0.013652,0.025536,0.470304,0.107241,0.036889,0.019536,0.09939,0.214927,0.216997,0.11981,0.161314,0.195449,0.166129,0.161,0.136353,0.10379,0.072249,0.178625,0.16725,0.106525,0.16944,0.180049,0.185579
23.4375,0.356745,0.021689,0.47913,0.469225,0.160514,0.094138,1,0.777304,0.313445,0.053029,0.016049,0.219732,0.078012,0.032682,0.000654,0.013818,0.112464,0.119424,0.084382,0.1254,0.138982,0.147357,0.179247,0.152665,0.21161,0.164642,0.104851,0.17156,0.010571,0.072317,0.1628,0.124515
23.828125,0.374903,0.036112,0.630335,0.614504,0.235127,0.142191,1,0.852722,0.547161,0.203557,0.019745,0.29364,0.293315,0.159459,0.004306,0.104789,0.147656,0.116849,0.132565,0.245609,0.235592,0.150867,0.255241,0.299288,0.17819,0.093317,0.075901,0.198073,0.032983,0.057323,0.120301,0.15865
24.21875,0.345664,0.032838,0.675958,0.65371,0.209675,0.088006,1,0.896057,0.575891,0.152755,0.021233,0.263358,0.230768,0.043443,0.005213,0.064882,0.152014,0.121823,0.158451,0.183819,0.171876,0.113485,0.201853,0.224694,0.150042,0.08351,0.069611,0.177652,0.012463,0.042004,0.113536,0.145279
24.609375,0.563073,0.031729,0.564906,0.445874,0.10944,0.286014,1,0.846225,0.466933,0.135619,0.01313,0.405648,0.153097,0.149936,0.039793,0.088953,0.294497,0.289494,0.151526,0.271395,0.358331,0.347283,0.328614,0.311222,0.356225,0.267908,0.285527,0.369672,0.075843,0.233515,0.343848,0.379883
25,0.376957,0.059131,0.596248,0.526711,0.216799,0.086529,1,0.829838,0.301654,0.083457,0.068167,0.277981,0.031522,0.024955,0.009242,0.038094,0.221998,0.24675,0.067756,0.164678,0.2418,0.234092,0.218422,0.207981,0.179513,0.129963,0.165042,0.285586,0.018965,0.12651,0.217659,0.286359
25.390625,0.307738,0.102727,0.620438,0.492731,0.188782,0.043177,1,0.853445,0.283227,0.086964,0.053023,0.232486,0.01773,0.03636,0.011652,0.027363,0.197575,0.18646,0.067591,0.09835,0.177169,0.179954,0.145335,0.132327,0.243806,0.196354,0.177689,0.274738,0.064258,0.128359,0.246897,0.21249
25.78125,0.316241,0.093942,0.624943,0.579328,0.14743,0.05139,1,0.867616,0.501528,0.107516,0.003705,0.41386,0.100676,0.062384,0.018636,0.019203,0.188931,0.167672,0.073356,0.168433,0.178386,0.153817,0.174783,0.223306,0.13868,0.121327,0.101488,0.231005,0.041224,0.087666,0.138998,0.203668
26.171875,0.391446,0.051865,0.643809,0.604248,0.196508,0.036938,1,0.865725,0.479656,0.070866,0.014211,0.440724,0.065948,0.018187,0.010721,0.0499,0.208517,0.182044,0.188056,0.213412,0.222085,0.186633,0.231803,0.23633,0.151854,0.119186,0.111386,0.230758,0.025653,0.093177,0.154307,0.188413
26.5625,0.276867,0.046277,0.660695,0.497438,0.249543,0.004654,1,0.790643,0.300661,0.015227,0.009257,0.384231,0.061004,0.003857,0.012811,0.070043,0.44317,0.408632,0.138064,0.290913,0.426762,0.357432,0.342528,0.335956,0.251117,0.204602,0.259272,0.416045,0.092038,0.257067,0.285879,0.416017
26.953125,0.341739,0.102147,0.672861,0.531655,0.21358,0.019947,1,0.868683,0.439684,0.086461,0.016503,0.481571,0.082402,0.026383,0.01594,0.103096,0.32601,0.312611,0.027461,0.208381,0.323974,0.268408,0.260129,0.279503,0.187125,0.153879,0.233736,0.339423,0.061618,0.210462,0.247269,0.369322
27.34375,0.345604,0.158071,0.660908,0.477342,0.1413,0.000691,1,0.82281,0.434244,0.026423,0.028394,0.410248,0.059088,0.002356,0.002203,0.064462,0.242026,0.218011,0.144457,0.267139,0.332283,0.288661,0.320138,0.32359,0.292432,0.256376,0.227298,0.355907,0.011857,0.130569,0.294627,0.351022
27.734375,0.384032,0.128016,0.682413,0.50269,0.103061,0.049463,1,0.855515,0.601209,0.138706,0.016643,0.56539,0.083392,0.059674,0.029901,0.198943,0.37896,0.346108,0.178541,0.373222,0.384842,0.376447,0.375381,0.408624,0.300954,0.334075,0.239954,0.407534,0.012022,0.213995,0.290371,0.377364
28.125,0.377865,0.045184,0.747583,0.664038,0.153862,0.035891,1,0.870939,0.619565,0.179583,0.023592,0.527679,0.202617,0.13151,0.042225,0.249544,0.334423,0.321138,0.215533,0.365316,0.362917,0.317899,0.365859,0.440963,0.325595,0.355378,0.220485,0.425582,0.027489,0.187925,0.283515,0.396301
28.515625,0.455694,0.065538,0.692281,0.573909,0.235596,0.015525,1,0.874431,0.471516,0.102502,0.009087,0.416603,0.083466,0.062417,0.044135,0.087381,0.154783,0.165138,0.125849,0.223881,0.173309,0.18998,0.233616,0.284442,0.169216,0.166553,0.084658,0.251765,0.007941,0.052513,0.14531,0.19759
28.90625,0.418167,0.269721,0.60368,0.566603,0.095607,0.069302,1,0.825666,0.485599,0.113379,0.038871,0.374537,0.056126,0.054388,0.01699,0.063905,0.169473,0.164728,0.15979,0.236578,0.204553,0.171218,0.253914,0.288131,0.175182,0.196473,0.112581,0.230357,0.031072,0.06879,0.162965,0.183927
29.296875,0.375339,0.195207,0.648649,0.559446,0.05224,0.046063,1,0.815894,0.474454,0.129927,0.034862,0.434069,0.073228,0.001088,0.032039,0.075373,0.133135,0.11316,0.113617,0.254908,0.137974,0.142038,0.226009,0.300531,0.201841,0.234936,0.052136,0.228561,0.048972,0.020685,0.105916,0.202846
29.6875,0.252823,0.011685,0.703336,0.535639,0.247088,0.028453,1,0.791418,0.493475,0.079362,0.043515,0.283076,0.051199,0.026058,0.039477,0.028083,0.150297,0.130832,0.221306,0.27217,0.13998,0.148024,0.22173,0.267364,0.202984,0.216087,0.067868,0.186644,0.040906,0.058482,0.100688,0.166515
30.078125,0.458202,0.048191,0.749161,0.598147,0.318456,0.040299,1,0.774958,0.540015,0.059142,0.093421,0.510735,0.131621,0.012534,0.122176,0.15708,0.424367,0.3785,0.219756,0.375292,0.436972,0.412143,0.387239,0.434259,0.343153,0.28726,0.309987,0.432018,0.079409,0.282619,0.354264,0.429558
30.46875,0.402531,0.005593,0.771453,0.72675,0.298761,0.05606,1,0.792669,0.453843,0.154773,0.060903,0.440667,0.11104,0.043875,0.013112,0.091293,0.247418,0.256911,0.044671,0.222927,0.263015,0.240546,0.244726,0.281076,0.184203,0.181695,0.145346,0.27011,0.014789,0.111263,0.209127,0.250713
30.859375,0.282073,0.014919,0.735541,0.701056,0.309779,0.003366,1,0.827672,0.335692,0.276989,0.183162,0.282864,0.169943,0.108626,0.151512,0.107545,0.316601,0.346322,0.030736,0.1854,0.280514,0.248692,0.242545,0.250683,0.143716,0.137703,0.210678,0.296116,0.088483,0.191648,0.240462,0.275841
31.25,0.342548,0.022302,0.754161,0.661221,0.242671,0.041679,1,0.822784,0.392828,0.237065,0.089996,0.379675,0.218375,0.186254,0.142069,0.146153,0.306404,0.336311,0.088021,0.241442,0.289898,0.289379,0.282559,0.28267,0.152517,0.108528,0.213238,0.295278,0.050897,0.184803,0.25151,0.28646
31.640625,0.362732,0.035734,0.740147,0.671937,0.269846,0.060448,1,0.832152,0.496609,0.188184,0.044848,0.349111,0.16738,0.03807,0.028347,0.105296,0.330566,0.341685,0.136039,0.239027,0.346692,0.376209,0.28241,0.255046,0.238459,0.247718,0.335146,0.351848,0.200377,0.33905,0.353755,0.348967
32.03125,0.354835,0.019013,0.751382,0.698409,0.322942,0.029466,1,0.742543,0.261085,0.114871,0.110934,0.317284,0.129897,0.048194,0.027836,0.107311,0.320008,0.308851,0.015708,0.112288,0.271634,0.226588,0.188105,0.169655,0.126818,0.14816,0.261366,0.294589,0.105844,0.241989,0.286212,0.288981
32.421875,0.51587,0.029821,0.766127,0.637185,0.336776,0.00354,1,0.868414,0.284433,0.127471,0.032331,0.464737,0.161714,0.096028,0.015192,0.300409,0.338922,0.350321,0.134448,0.310202,0.412069,0.33107,0.363924,0.393771,0.261892,0.189807,0.230266,0.404899,0.049178,0.186351,0.295758,0.387383
32.8125,0.428932,0.031184,0.640341,0.519666,0.237996,0.027262,1,0.836639,0.474924,0.085222,0.043415,0.467,0.096717,0.033955,0.02892,0.214346,0.370546,0.35424,0.123925,0.414903,0.412162,0.387842,0.426618,0.489249,0.374528,0.320413,0.237334,0.427653,0.036307,0.185024,0.316873,0.399413
33.203125,0.407363,0.138297,0.703361,0.58861,0.050051,0.018639,1,0.85797,0.632866,0.398725,0.066631,0.449761,0.050308,0.023811,0.007346,0.064622,0.30803,0.232004,0.078886,0.264859,0.309333,0.246092,0.295132,0.375684,0.206504,0.201576,0.180443,0.31976,0.00812,0.138777,0.232842,0.279026
33.59375,0.407746,0.206663,0.714225,0.593733,0.133497,0.01334,1,0.879784,0.466502,0.19646,0.046257,0.469987,0.095162,0.009915,0.002037,0.094488,0.24489,0.244323,0.027174,0.131432,0.270692,0.242252,0.205433,0.235179,0.137498,0.154778,0.229478,0.300136,0.086553,0.213735,0.252129,0.27935
33.984375,0.34641,0.128701,0.778776,0.650015,0.311306,0.001962,1,0.841527,0.449483,0.15062,0.040304,0.427525,0.122058,0.030012,0.029197,0.035978,0.322154,0.316036,0.063477,0.2534,0.349299,0.302192,0.282055,0.312701,0.230983,0.19105,0.299088,0.344925,0.080513,0.264636,0.315002,0.34562
34.375,0.55328,0.206294,0.798752,0.661854,0.293519,0.03668,1,0.863468,0.427408,0.119135,0.029215,0.534045,0.21883,0.039204,0.061233,0.153068,0.305838,0.310202,0.213845,0.236028,0.279243,0.259755,0.292539,0.326551,0.22123,0.223579,0.238208,0.327413,0.046234,0.206985,0.26082,0.296964
34.765625,0.398854,0.118593,0.632391,0.534836,0.289685,0.008272,1,0.826666,0.386122,0.064217,0.041714,0.421205,0.069865,0.020937,0.064658,0.099012,0.288182,0.282726,0.085675,0.154809,0.257402,0.223514,0.220135,0.227047,0.170254,0.136776,0.247309,0.293002,0.102662,0.214221,0.270145,0.268215
35.15625,0.380597,0.041424,0.606374,0.476466,0.150654,0.008843,1,0.78365,0.441958,0.145283,0.102345,0.310678,0.048332,0.106282,0.025289,0.003285,0.299703,0.310048,0.05365,0.13983,0.228625,0.249928,0.187937,0.214772,0.166916,0.159435,0.241825,0.286443,0.170216,0.25375,0.244268,0.256661
35.546875,0.388213,0.052217,0.810789,0.72801,0.093723,0.051786,1,0.850945,0.578495,0.245293,0.026267,0.444684,0.139289,0.093778,0.019125,0.04068,0.234843,0.206758,0.084643,0.211984,0.28248,0.221334,0.251912,0.28491,0.254971,0.243065,0.224913,0.293314,0.045678,0.197742,0.268142,0.276049
35.9375,0.544129,0.051411,0.840312,0.719496,0.220702,0.006412,1,0.889723,0.688944,0.268969,0.041194,0.549967,0.127415,0.011842,0.081374,0.22656,0.414506,0.400832,0.146652,0.441942,0.448201,0.392553,0.475601,0.521713,0.404748,0.423831,0.370178,0.500097,0.056405,0.323664,0.429104,0.495962
36.328125,0.434398,0.00573,0.798774,0.687838,0.171086,0.017401,1,0.895835,0.659328,0.212808,0.048104,0.480053,0.205825,0.046272,0.031056,0.166226,0.391841,0.365706,0.196203,0.438062,0.45357,0.463732,0.475658,0.536998,0.422772,0.441456,0.340906,0.503717,0.05253,0.277392,0.404583,0.500632
36.71875,0.421252,0.037071,0.80284,0.684157,0.219767,0.05965,1,0.900007,0.635865,0.173887,0.059057,0.497272,0.163325,0.059053,0.019969,0.124961,0.550571,0.510917,0.095545,0.361253,0.569165,0.517924,0.451289,0.466958,0.337443,0.274629,0.487412,0.563474,0.147157,0.427099,0.519535,0.589215
37.109375,0.393588,0.064719,0.841933,0.738884,0.312835,0.093221,1,0.900241,0.674562,0.201163,0.087221,0.668457,0.245617,0.049661,0.01768,0.155114,0.419273,0.413553,0.115204,0.349875,0.385305,0.342326,0.357192,0.410894,0.250414,0.256125,0.335678,0.423926,0.071664,0.290329,0.352514,0.448296
37.5,0.401147,0.056227,0.825599,0.76131,0.28448,0.016897,1,0.881425,0.576917,0.286952,0.085802,0.483241,0.124377,0.040902,0.02277,0.068115,0.531079,0.528886,0.259465,0.390772,0.526091,0.539743,0.525901,0.48203,0.418675,0.427169,0.46077,0.592733,0.072878,0.374685,0.524989,0.573148
37.890625,0.489937,0.211016,0.85316,0.750877,0.395062,0.038158,1,0.8804,0.581607,0.181516,0.016962,0.683821,0.134401,0.024966,0.015682,0.159026,0.64079,0.602834,0.146715,0.407754,0.61453,0.600069,0.533334,0.516242,0.386926,0.363655,0.557138,0.639929,0.084049,0.443102,0.599076,0.683985
38.28125,0.463865,0.329196,0.874186,0.703489,0.270913,0.044458,1,0.847467,0.472434,0.223623,0.085361,0.530169,0.300168,0.08809,0.024436,0.146884,0.520882,0.477927,0.053555,0.297691,0.53799,0.440086,0.395089,0.459036,0.318031,0.290793,0.49028,0.506004,0.206692,0.480867,0.47523,0.541584
38.671875,0.4606,0.235579,0.787123,0.741334,0.278782,0.107723,1,0.888685,0.668073,0.163634,0.027447,0.585806,0.349844,0.170827,0.072974,0.220445,0.489007,0.477398,0.162302,0.325399,0.507404,0.446536,0.384609,0.426398,0.315327,0.308192,0.456732,0.490228,0.175183,0.422623,0.466777,0.523989
39.0625,0.305419,0.199135,0.78467,0.721907,0.2593,0.090884,1,0.846831,0.638173,0.178425,0.061657,0.484837,0.28072,0.09008,0.009408,0.104056,0.423013,0.405758,0.171397,0.356817,0.454051,0.364589,0.405757,0.413279,0.264434,0.154602,0.337398,0.441294,0.118066,0.268614,0.366009,0.441207
39.453125,0.367774,0.220155,0.742537,0.590115,0.281057,0.033637,1,0.87509,0.639372,0.098298,0.039436,0.523818,0.196787,0.078077,0.037565,0.127175,0.44811,0.421706,0.115987,0.308177,0.405057,0.343778,0.348099,0.387845,0.208711,0.12808,0.358412,0.410617,0.103743,0.308132,0.375571,0.418659
39.84375,0.403606,0.163044,0.775296,0.645893,0.323012,0.085014,1,0.881944,0.577136,0.120132,0.004419,0.493717,0.137164,0.091774,0.022217,0.116485,0.475881,0.449409,0.042791,0.31472,0.473468,0.445512,0.363454,0.41422,0.268781,0.245908,0.410809,0.464,0.13244,0.369712,0.443836,0.488596
40.234375,0.508151,0.263719,0.808343,0.705565,0.242752,0.016494,1,0.861082,0.599593,0.204784,0.003256,0.606462,0.07031,0.10808,0.029979,0.239249,0.476674,0.445269,0.071301,0.378525,0.520189,0.45071,0.444469,0.479363,0.331865,0.272859,0.454817,0.479058,0.226837,0.398867,0.480992,0.499117
40.625,0.486764,0.207232,0.848762,0.755454,0.297168,0.048522,1,0.8988,0.648702,0.185208,0.006753,0.642168,0.227524,0.104537,0.024041,0.313073,0.420072,0.394676,0.158422,0.480133,0.437024,0.314588,0.452337,0.517892,0.237865,0.215894,0.246774,0.396007,0.038184,0.214799,0.301312,0.35787
41.015625,0.425561,0.192814,0.812477,0.695604,0.323696,0.185218,1,0.815815,0.570733,0.209066,0.008621,0.402602,0.229789,0.092968,0.026025,0.187082,0.468377,0.489139,0.244764,0.435502,0.462167,0.422665,0.444429,0.447459,0.382109,0.257158,0.391087,0.455876,0.15425,0.347421,0.436318,0.455263
41.40625,0.452374,0.130483,0.742342,0.615661,0.23996,0.050865,1,0.870295,0.546028,0.031447,0.027904,0.377988,0.355986,0.099536,0.078551,0.266141,0.38718,0.352836,0.078159,0.293554,0.419834,0.358501,0.359428,0.337657,0.319309,0.279165,0.363033,0.428511,0.067542,0.295662,0.415897,0.44357
41.796875,0.341643,0.123997,0.772352,0.64763,0.240153,0.043061,1,0.883295,0.42299,0.152927,0.125398,0.34096,0.149416,0.070036,0.010217,0.035756,0.456721,0.415998,0.103195,0.312931,0.438552,0.411919,0.366322,0.392232,0.294144,0.240549,0.395731,0.449263,0.149961,0.356106,0.43586,0.45794
42.1875,0.490618,0.107297,0.749069,0.621423,0.158707,0.044455,1,0.868378,0.516862,0.214012,0.034237,0.499624,0.121665,0.041774,0.021582,0.055734,0.371056,0.325623,0.146103,0.393066,0.45158,0.379344,0.455567,0.479247,0.265597,0.270685,0.284554,0.435032,0.055123,0.226157,0.364589,0.4247
42.578125,0.430318,0.078896,0.810001,0.662528,0.19206,0.058047,1,0.863174,0.577989,0.251679,0.06284,0.449972,0.188021,0.121637,0.006065,0.07739,0.35501,0.371097,0.082837,0.262062,0.338036,0.336755,0.291132,0.330132,0.204673,0.235424,0.32236,0.377441,0.083811,0.302727,0.363242,0.404604
42.96875,0.442567,0.022376,0.806986,0.685292,0.199101,0.075035,1,0.910427,0.660176,0.179106,0.019274,0.450712,0.268835,0.209341,0.008502,0.130945,0.477125,0.491197,0.039056,0.304714,0.403952,0.403161,0.332935,0.407959,0.299274,0.328179,0.435663,0.468592,0.091358,0.433634,0.453643,0.478829
43.359375,0.408612,0.022482,0.79237,0.724562,0.107826,0.047527,1,0.850718,0.613753,0.231366,0.074182,0.400652,0.265922,0.259503,0.073644,0.102895,0.50166,0.48759,0.121921,0.367662,0.47933,0.452343,0.386834,0.417389,0.398011,0.355435,0.455447,0.485046,0.129458,0.431664,0.462365,0.515806
43.75,0.4282,0.191586,0.757277,0.600766,0.18784,0.120851,1,0.803252,0.411321,0.050308,0.007341,0.357112,0.193431,0.055632,0.039206,0.119204,0.40769,0.378246,0.175261,0.373437,0.431067,0.44748,0.373223,0.416772,0.380903,0.367704,0.402377,0.389977,0.07081,0.325284,0.405666,0.455207
44.140625,0.461953,0.112721,0.815432,0.655441,0.401394,0.022611,1,0.91239,0.58831,0.072838,0.031002,0.512759,0.102743,0.018255,0.083897,0.207037,0.488891,0.485009,0.264525,0.430228,0.507987,0.481472,0.483177,0.489502,0.413639,0.349365,0.46097,0.494216,0.069043,0.391781,0.479333,0.489474
44.53125,0.461127,0.116224,0.814977,0.667841,0.261669,0.057437,1,0.900781,0.674908,0.142288,0.020113,0.396752,0.194162,0.149437,0.043729,0.099416,0.303353,0.280813,0.19478,0.261518,0.33944,0.303275,0.338635,0.313537,0.253727,0.25947,0.308802,0.372973,0.01694,0.213128,0.347865,0.384634
44.921875,0.497157,0.150397,0.830433,0.69189,0.31918,0.175907,1,0.913288,0.687953,0.194651,0.02693,0.543158,0.366226,0.339816,0.010726,0.153183,0.548804,0.544052,0.187407,0.430863,0.512602,0.478561,0.491041,0.500133,0.337153,0.341059,0.466678,0.533591,0.043392,0.386168,0.508855,0.558586
45.3125,0.525652,0.142396,0.829629,0.761556,0.409001,0.111333,1,0.911097,0.685921,0.233545,0.136994,0.587369,0.325701,0.182171,0.034827,0.189901,0.503932,0.51655,0.108219,0.359703,0.499011,0.462383,0.41685,0.442189,0.359488,0.38226,0.50575,0.537092,0.117951,0.441355,0.51414,0.528371
45.703125,0.481683,0.165128,0.77527,0.708673,0.378607,0.030767,1,0.87798,0.521461,0.186422,0.159242,0.469584,0.200909,0.039192,0.056032,0.183255,0.532914,0.525209,0.20841,0.44275,0.49984,0.44822,0.453389,0.475113,0.247167,0.245416,0.410469,0.475713,0.104525,0.372678,0.443782,0.478189
46.09375,0.46669,0.053976,0.796083,0.70474,0.429252,0.017009,1,0.805312,0.585395,0.144107,0.030633,0.519092,0.14057,0.046273,0.08585,0.187407,0.460944,0.459318,0.03812,0.317584,0.448002,0.381199,0.334464,0.394949,0.212825,0.1983,0.383905,0.431684,0.19249,0.367623,0.398167,0.454866
46.484375,0.392297,0.071645,0.738349,0.549821,0.220563,0.005827,1,0.798725,0.566363,0.078369,0.012123,0.533044,0.169421,0.045412,0.022943,0.160771,0.287216,0.305034,0.04841,0.207447,0.326196,0.243543,0.234277,0.30021,0.180062,0.179666,0.28439,0.339363,0.02173,0.195338,0.317228,0.350059
46.875,0.341194,0.135464,0.809611,0.713294,0.138879,0.011818,1,0.849139,0.512835,0.141128,0.058357,0.440837,0.339943,0.1177,0.009453,0.040179,0.473412,0.439721,0.224808,0.405837,0.479458,0.413013,0.470257,0.466342,0.30743,0.271108,0.395603,0.495356,0.029258,0.319867,0.440658,0.459216
47.265625,0.281557,0.101335,0.696015,0.47703,0.130455,0.003024,1,0.825714,0.484644,0.115284,0.022165,0.310676,0.116659,0.118846,0.026776,0.061669,0.363555,0.323719,0.073343,0.251182,0.350677,0.338848,0.291257,0.31203,0.314929,0.234451,0.300764,0.382695,0.033331,0.213859,0.350209,0.364237
47.65625,0.476493,0.142553,0.78256,0.711985,0.233265,0.073057,1,0.832655,0.674737,0.165296,0.056518,0.460601,0.383708,0.282434,0.108674,0.058348,0.361535,0.32353,0.186001,0.362796,0.348466,0.356918,0.376501,0.432895,0.341114,0.366835,0.281395,0.421095,0.017238,0.191127,0.35203,0.415843
48.046875,0.440991,0.221163,0.785262,0.575987,0.240214,0.175067,1,0.834444,0.584208,0.131531,0.033026,0.460746,0.114753,0.16412,0.145619,0.068053,0.524163,0.479075,0.099431,0.328135,0.517833,0.522098,0.412813,0.445597,0.415719,0.356345,0.531925,0.557628,0.088922,0.474282,0.57956,0.578012
48.4375,0.460327,0.047827,0.793298,0.554602,0.14145,0.026264,1,0.82932,0.45327,0.149637,0.022613,0.388072,0.148222,0.101285,0.045276,0.055922,0.315819,0.317085,0.038337,0.170243,0.320466,0.286093,0.21294,0.255042,0.171954,0.114571,0.345258,0.305269,0.176923,0.337696,0.329414,0.350138
48.828125,0.460899,0.242925,0.715487,0.623781,0.143363,0.118561,1,0.77731,0.333839,0.033657,0.041498,0.288821,0.115666,0.04539,0.008607,0.053372,0.406955,0.379553,0.129214,0.355919,0.445832,0.397564,0.362578,0.402428,0.283701,0.222796,0.367117,0.44006,0.063946,0.358513,0.395712,0.447728
49.21875,0.383482,0.273051,0.724075,0.532458,0.171249,0.072432,1,0.857207,0.450079,0.086404,0.067579,0.410388,0.15951,0.111936,0.015596,0.057064,0.492293,0.470777,0.10856,0.325442,0.463634,0.426573,0.356916,0.388887,0.275895,0.235259,0.454748,0.454472,0.121679,0.454986,0.440854,0.451307
49.609375,0.32766,0.30197,0.746196,0.650683,0.220698,0.126164,1,0.853368,0.471709,0.087735,0.069719,0.538199,0.238741,0.128139,0.007867,0.130878,0.365287,0.357411,0.111612,0.294148,0.37161,0.311374,0.347902,0.408519,0.281808,0.302306,0.335394,0.40056,0.035581,0.283674,0.386927,0.402667
50,0.396257,0.302684,0.840604,0.752464,0.409776,0.243247,1,0.886881,0.577168,0.364054,0.068873,0.595761,0.330502,0.304867,0.123023,0.265817,0.514037,0.491991,0.267436,0.487155,0.521434,0.522909,0.537371,0.582416,0.559703,0.512697,0.501521,0.582121,0.018844,0.406332,0.557763,0.576928
50.390625,0.521728,0.257609,0.823123,0.778443,0.3499,0.209604,1,0.854044,0.564064,0.194389,0.015271,0.660364,0.376788,0.27627,0.066438,0.227143,0.484859,0.477105,0.227002,0.48422,0.492562,0.456285,0.488945,0.540733,0.433599,0.434495,0.465615,0.522039,0.028752,0.370748,0.488039,0.519749
50.78125,0.577035,0.209026,0.808401,0.713318,0.412591,0.022122,1,0.902719,0.459205,0.036011,0.010081,0.652304,0.145684,0.060257,0.024952,0.074508,0.455923,0.473393,0.294902,0.428618,0.454938,0.456341,0.450531,0.488065,0.430551,0.377356,0.450777,0.496012,0.029426,0.335499,0.493928,0.497032
51.171875,0.595339,0.119979,0.82083,0.676406,0.19344,0.063269,1,0.902652,0.54936,0.091184,0.042625,0.559626,0.255123,0.058654,0.066458,0.134611,0.503356,0.501265,0.128326,0.321961,0.444069,0.418454,0.376994,0.414535,0.350665,0.28533,0.457864,0.487392,0.083142,0.428377,0.485441,0.492663
51.5625,0.371898,0.186191,0.784168,0.665552,0.113586,0.044696,1,0.849445,0.547321,0.27134,0.041185,0.478898,0.345589,0.261108,0.084041,0.100472,0.533378,0.528067,0.268584,0.425226,0.505081,0.448586,0.443492,0.466807,0.288766,0.232459,0.415531,0.46927,0.203054,0.421116,0.430184,0.466896
51.953125,0.530044,0.153755,0.771017,0.684689,0.165156,0.044387,1,0.855379,0.451525,0.117155,0.035136,0.439883,0.191839,0.116991,0.024222,0.176959,0.464025,0.495311,0.248273,0.391809,0.411526,0.437851,0.40447,0.413029,0.27882,0.258004,0.381947,0.409081,0.123164,0.371974,0.397033,0.395149
52.34375,0.490122,0.209863,0.786994,0.628115,0.150722,0.047798,1,0.786267,0.600646,0.063721,0.018423,0.364572,0.242222,0.056215,0.057092,0.17662,0.436247,0.454536,0.135565,0.32234,0.403952,0.384759,0.340853,0.374019,0.267398,0.239649,0.399855,0.417678,0.108908,0.383025,0.405387,0.426808
52.734375,0.378969,0.093879,0.770415,0.671168,0.183413,0.064627,1,0.856797,0.610623,0.253341,0.039266,0.539901,0.355694,0.161516,0.02592,0.238939,0.462692,0.472764,0.372609,0.480325,0.493109,0.470545,0.504257,0.533476,0.443413,0.463212,0.436822,0.528011,0.021811,0.351402,0.507119,0.513422
53.125,0.461505,0.04267,0.72415,0.680201,0.207619,0.035846,1,0.848258,0.450998,0.096552,0.023643,0.404964,0.390139,0.106599,0.103743,0.254427,0.424922,0.419613,0.162444,0.314378,0.403639,0.374061,0.37409,0.384585,0.282861,0.310466,0.38274,0.412646,0.030061,0.343191,0.40293,0.403611
53.515625,0.339933,0.152981,0.744437,0.608395,0.341305,0.050487,1,0.855083,0.483749,0.093543,0.046157,0.512204,0.199098,0.010788,0.088425,0.256884,0.34982,0.37511,0.124114,0.225023,0.297962,0.290278,0.27001,0.286908,0.19592,0.177011,0.311104,0.306059,0.075482,0.280793,0.3091,0.319026
53.90625,0.531128,0.087024,0.760185,0.704962,0.147785,0.055462,1,0.832636,0.555824,0.168515,0.172609,0.436155,0.318448,0.133236,0.013791,0.076932,0.40708,0.394711,0.064084,0.272505,0.386905,0.382428,0.327433,0.338274,0.248691,0.202648,0.392237,0.399169,0.038611,0.352022,0.39184,0.415253
54.296875,0.474956,0.181418,0.771191,0.744768,0.209806,0.261415,1,0.847341,0.722326,0.125548,0.076973,0.522125,0.45367,0.125398,0.023831,0.288389,0.472338,0.471339,0.101997,0.338917,0.415512,0.412247,0.357773,0.40934,0.3468,0.313865,0.46475,0.471525,0.052274,0.402057,0.454508,0.487308
54.6875,0.617015,0.206219,0.802393,0.779557,0.268334,0.22815,1,0.912229,0.734688,0.173265,0.072925,0.533254,0.488293,0.244578,0.02316,0.216219,0.563401,0.625778,0.305122,0.48808,0.530438,0.567632,0.505263,0.54185,0.475601,0.50768,0.57876,0.599629,0.0071,0.560102,0.5556,0.61861
55.078125,0.536517,0.264795,0.782101,0.69765,0.379482,0.297925,1,0.894351,0.603946,0.131465,0.011753,0.504861,0.389913,0.272038,0.019719,0.178593,0.46835,0.520692,0.164099,0.311793,0.395064,0.40797,0.328277,0.378261,0.284868,0.32456,0.456283,0.437891,0.077598,0.425633,0.439019,0.468896
55.46875,0.436638,0.11524,0.797699,0.674184,0.255103,0.003256,1,0.885361,0.456882,0.165246,0.072245,0.43724,0.195899,0.168537,0.03121,0.075339,0.378078,0.398675,0.029626,0.178577,0.307359,0.307544,0.197131,0.251752,0.127219,0.107881,0.372551,0.317066,0.177509,0.386114,0.336888,0.344748
55.859375,0.489154,0.174233,0.846693,0.720161,0.241983,0.012182,1,0.876035,0.574056,0.212949,0.094662,0.534513,0.268569,0.307697,0.157359,0.241758,0.432978,0.468206,0.019703,0.247264,0.332743,0.376894,0.271421,0.347265,0.240319,0.183289,0.415431,0.403255,0.09663,0.386496,0.402098,0.436547
56.25,0.399575,0.248804,0.804312,0.723519,0.298278,0.087078,1,0.821346,0.483337,0.221896,0.025024,0.563909,0.259871,0.241586,0.060355,0.219252,0.287712,0.321618,0.03211,0.162464,0.220425,0.257556,0.211447,0.244296,0.180707,0.16044,0.287082,0.286813,0.04857,0.278728,0.269388,0.272014
56.640625,0.503087,0.200829,0.801982,0.665333,0.366895,0.01115,1,0.896869,0.411314,0.182641,0.006568,0.520798,0.178015,0.102999,0.057655,0.080609,0.259489,0.288185,0.028403,0.152555,0.208926,0.200514,0.169226,0.218571,0.135505,0.143984,0.246615,0.288277,0.003163,0.164299,0.26673,0.295609
57.03125,0.430392,0.131226,0.774662,0.677237,0.300275,0.035996,1,0.869401,0.476813,0.12644,0.051316,0.561493,0.265974,0.086607,0.030061,0.2004,0.220744,0.213336,0.019346,0.089337,0.155334,0.135773,0.104175,0.183455,0.063203,0.124465,0.185493,0.229896,0.055657,0.166291,0.195237,0.222358
57.421875,0.269762,0.100394,0.840399,0.746466,0.304745,0.061191,1,0.92234,0.593631,0.26262,0.04752,0.4423,0.416188,0.260267,0.056564,0.129056,0.413277,0.402576,0.106516,0.285286,0.372814,0.347362,0.320607,0.365053,0.281312,0.345555,0.396296,0.398031,0.042522,0.361213,0.397032,0.405622
57.8125,0.424362,0.056535,0.818103,0.661792,0.387761,0.017219,1,0.872156,0.687335,0.144636,0.070157,0.669247,0.447351,0.087911,0.037132,0.286711,0.408703,0.444517,0.058578,0.248243,0.305581,0.359991,0.270361,0.32519,0.228174,0.282506,0.422236,0.387462,0.112178,0.419319,0.381885,0.424936
58.203125,0.481883,0.072479,0.857763,0.689161,0.324676,0.06142,1,0.848149,0.643065,0.153013,0.049605,0.656934,0.385807,0.106123,0.048137,0.299921,0.438766,0.482834,0.081958,0.329693,0.389321,0.396899,0.348248,0.406125,0.341367,0.392066,0.489953,0.45516,0.016862,0.433988,0.441918,0.484753
58.59375,0.434918,0.013818,0.853803,0.683732,0.231972,0.064282,1,0.850583,0.469376,0.233172,0.003616,0.276541,0.258316,0.313113,0.065868,0.020954,0.364322,0.40508,0.071489,0.183175,0.250044,0.271709,0.226144,0.245229,0.140035,0.179307,0.320843,0.316538,0.059403,0.287572,0.301523,0.329462
58.984375,0.57204,0.204576,0.882262,0.749893,0.361019,0.166622,1,0.860611,0.610329,0.154579,0.023787,0.573231,0.320592,0.206509,0.020856,0.193325,0.513129,0.541003,0.041645,0.176961,0.351277,0.353221,0.239569,0.274995,0.159918,0.116497,0.49773,0.363259,0.289748,0.542108,0.420512,0.413483
59.375,0.591317,0.195574,0.728681,0.513311,0.366756,0.144727,1,0.880995,0.596455,0.07599,0.142685,0.58098,0.313267,0.255937,0.10291,0.324447,0.522474,0.573771,0.061743,0.328464,0.389205,0.434954,0.360606,0.423844,0.229308,0.226258,0.488469,0.466368,0.030975,0.423662,0.457531,0.486012
59.765625,0.5838,0.38734,0.277589,0.083324,0.096007,0.185227,1,0.855227,0.657558,0.083483,0.215949,0.638636,0.134174,0.124569,0.039176,0.139824,0.451669,0.461846,0.202981,0.311377,0.350566,0.373173,0.348809,0.364758,0.285395,0.242946,0.380984,0.430681,0.026395,0.395064,0.377996,0.403531
60.15625,0.570993,0.298737,0.280668,0.167868,0.196225,0.226875,1,0.860806,0.668121,0.160628,0.230626,0.60527,0.132346,0.184588,0.143702,0.186184,0.352448,0.402926,0.109066,0.210122,0.212447,0.274214,0.239089,0.274499,0.229172,0.223746,0.303051,0.328435,0.029863,0.402322,0.275343,0.301498
60.546875,0.531417,0.147372,0.864333,0.762196,0.359015,0.10374,1,0.901548,0.654641,0.175238,0.01796,0.615867,0.414134,0.243472,0.018283,0.077776,0.502933,0.553839,0.124503,0.319706,0.38186,0.409369,0.325896,0.378858,0.254513,0.268091,0.494667,0.428401,0.186458,0.538816,0.435372,0.455807
60.9375,0.475684,0.058534,0.862898,0.689215,0.249082,0.067721,1,0.860461,0.542536,0.174897,0.004993,0.486243,0.233169,0.290909,0.00399,0.058668,0.386152,0.373964,0.151185,0.324762,0.326356,0.305765,0.33492,0.371867,0.268382,0.246156,0.328067,0.358344,0.053196,0.31065,0.322113,0.353119
61.328125,0.34251,0.045042,0.83049,0.673171,0.274142,0.020378,1,0.835065,0.498311,0.076815,0.004965,0.56549,0.20984,0.157008,0.007744,0.143804,0.238984,0.259916,0.091851,0.147806,0.177671,0.211567,0.161467,0.208062,0.132776,0.185455,0.272344,0.238087,0.11713,0.270037,0.217013,0.244289
61.71875,0.427508,0.111503,0.834316,0.674675,0.203515,0.071608,1,0.83814,0.489404,0.208232,0.010018,0.563528,0.267379,0.216634,0.165569,0.119845,0.210585,0.25033,0.135493,0.089273,0.12832,0.15268,0.120109,0.158856,0.070699,0.114877,0.205027,0.190885,0.04896,0.207142,0.179546,0.203411
62.109375,0.325498,0.064075,0.864797,0.725569,0.153447,0.119119,1,0.855833,0.560988,0.306287,0.06493,0.417905,0.275816,0.221536,0.096143,0.029442,0.409188,0.390716,0.103137,0.27035,0.318117,0.34316,0.311289,0.333024,0.292504,0.240843,0.384886,0.407671,0.02874,0.303271,0.399031,0.397911
62.5,0.365938,0.026979,0.834086,0.652552,0.151586,0.004771,1,0.819801,0.443402,0.397214,0.031942,0.41706,0.136832,0.197458,0.028505,0.110726,0.369963,0.363204,0.101083,0.248476,0.205321,0.258499,0.24691,0.283187,0.19855,0.223057,0.270266,0.289858,0.006418,0.236754,0.275314,0.310754
62.890625,0.524096,0.004393,0.851663,0.740279,0.334481,0.123046,1,0.863475,0.559197,0.318847,0.047382,0.509622,0.176401,0.106917,0.003889,0.264408,0.362506,0.376742,0.125191,0.250243,0.306194,0.307148,0.287227,0.349018,0.298266,0.28118,0.41575,0.399661,0.077224,0.404342,0.417049,0.42202
63.28125,0.597863,0.035983,0.778004,0.73358,0.328554,0.048498,1,0.858047,0.485833,0.086429,0.027289,0.495126,0.184232,0.061349,0.085816,0.268402,0.304155,0.281127,0.085198,0.14555,0.217478,0.186586,0.165149,0.20961,0.148818,0.172788,0.314968,0.291568,0.06614,0.31039,0.313148,0.32458
63.671875,0.482985,0.043765,0.741486,0.678618,0.517125,0.02151,1,0.814211,0.505757,0.111965,0.032865,0.570055,0.211257,0.075985,0.045376,0.161096,0.35561,0.332671,0.046133,0.156296,0.202424,0.214772,0.161298,0.231115,0.124727,0.115157,0.321947,0.263434,0.035526,0.322197,0.275654,0.308199
64.0625,0.338381,0.052912,0.722441,0.662856,0.368413,0.022155,1,0.81482,0.503445,0.194988,0.01086,0.530086,0.181297,0.141005,0.001979,0.132452,0.454163,0.514168,0.06444,0.138556,0.276271,0.278648,0.189981,0.216649,0.119748,0.104466,0.42786,0.318113,0.149679,0.432957,0.385203,0.394139
64.453125,0.406344,0.014346,0.830059,0.761404,0.367013,0.053178,1,0.886473,0.594743,0.252611,0.003133,0.571967,0.366913,0.264737,0.010675,0.275398,0.47758,0.544589,0.183439,0.324195,0.417684,0.443111,0.365418,0.392372,0.357542,0.306783,0.490771,0.491959,0.089835,0.478502,0.50471,0.517456
64.84375,0.432182,0.038706,0.821989,0.769152,0.389585,0.092753,1,0.872316,0.446746,0.2831,0.023924,0.441288,0.297266,0.263664,0.004704,0.224559,0.224526,0.284183,0.080517,0.096353,0.171763,0.222385,0.126945,0.149117,0.169353,0.144402,0.310761,0.269495,0.090892,0.287292,0.285743,0.311357
65.234375,0.489381,0.045895,0.811229,0.577496,0.382359,0.040375,1,0.815904,0.336533,0.115109,0.057608,0.517079,0.152134,0.126819,0.02145,0.179579,0.187656,0.243617,0.268027,0.209999,0.11199,0.180576,0.19115,0.209673,0.214236,0.238007,0.196098,0.211641,0.233183,0.190295,0.196467,0.213572
65.625,0.365739,0.022902,0.797613,0.650668,0.502078,0.064536,1,0.863723,0.305621,0.165506,0.074205,0.541866,0.406289,0.250404,0.011332,0.112252,0.298704,0.373536,0.042343,0.066186,0.105756,0.145479,0.088735,0.139186,0.064931,0.063809,0.239447,0.208264,0.104936,0.236115,0.234994,0.250561
66.015625,0.265647,0.078872,0.700168,0.528743,0.224385,0.040619,1,0.828444,0.174465,0.19473,0.143053,0.299366,0.289798,0.194859,0.02792,0.022027,0.164294,0.177901,0.029867,0.056195,0.11884,0.120318,0.085944,0.103471,0.095233,0.073742,0.210911,0.164756,0.027704,0.199791,0.174358,0.19224
66.40625,0.477825,0.038194,0.748946,0.75409,0.140047,0.042171,1,0.861072,0.440278,0.43349,0.146002,0.330628,0.320366,0.299602,0.072612,0.028841,0.207081,0.246512,0.114622,0.132798,0.121938,0.135545,0.11344,0.139271,0.063528,0.094802,0.227466,0.166942,0.151304,0.254865,0.179966,0.197861
66.796875,0.40722,0.038954,0.746845,0.660973,0.3025,0.062311,1,0.842065,0.439224,0.229977,0.024324,0.311588,0.367394,0.236873,0.073705,0.081338,0.199262,0.239862,0.091391,0.176123,0.159234,0.184172,0.170978,0.196189,0.123228,0.134753,0.244238,0.214634,0.005808,0.195214,0.227652,0.236331
67.1875,0.335346,0.062934,0.782869,0.632036,0.143683,0.071996,1,0.838349,0.305627,0.311707,0.075232,0.325853,0.448251,0.31894,0.042225,0.049616,0.172155,0.174291,0.031355,0.099187,0.168929,0.153652,0.135485,0.142602,0.119498,0.09379,0.237943,0.173836,0.069662,0.244128,0.21294,0.215909
67.578125,0.33639,0.039203,0.68307,0.649168,0.282423,0.028649,1,0.84907,0.354181,0.216122,0.037505,0.347988,0.228967,0.109648,0.005366,0.071559,0.18817,0.218429,0.014367,0.04699,0.150852,0.140667,0.070421,0.086764,0.052436,0.037879,0.218529,0.145333,0.168181,0.232724,0.190854,0.192334
67.96875,0.347522,0.01777,0.743697,0.613391,0.215546,0.048282,1,0.830715,0.434162,0.241555,0.037011,0.332598,0.209515,0.095674,0.019929,0.060176,0.151353,0.182191,0.030561,0.061609,0.093394,0.140829,0.094506,0.10765,0.063431,0.057148,0.167511,0.152646,0.063283,0.151034,0.149381,0.141315
68.359375,0.339118,0.041582,0.759502,0.597678,0.340354,0.054489,1,0.89002,0.38993,0.115558,0.039746,0.461756,0.356435,0.135375,0.029713,0.047067,0.22223,0.20123,0.034737,0.099768,0.139647,0.158291,0.102736,0.109263,0.102198,0.086181,0.247826,0.16494,0.081012,0.2616,0.196155,0.209282
68.75,0.132084,0.105603,0.729073,0.653619,0.254036,0.118443,1,0.796563,0.446928,0.206678,0.11819,0.356737,0.36615,0.197436,0.058108,0.036462,0.268257,0.310753,0.108403,0.158861,0.202615,0.236841,0.182581,0.172869,0.165682,0.179944,0.348671,0.243409,0.106109,0.351769,0.295769,0.280213
69.140625,0.275307,0.115163,0.697269,0.521948,0.216322,0.031965,1,0.764998,0.363896,0.123428,0.080446,0.304693,0.135626,0.068962,0.042064,0.060418,0.235279,0.241561,0.015433,0.076214,0.173917,0.180006,0.108659,0.129016,0.066233,0.073412,0.251097,0.18957,0.045659,0.274399,0.220014,0.226705
69.53125,0.208539,0.012642,0.722706,0.631209,0.249312,0.045935,1,0.82122,0.312043,0.263694,0.136444,0.325472,0.223668,0.153513,0.126894,0.035673,0.046007,0.049342,0.010882,0.007241,0.065553,0.033301,0.015754,0.022623,0.016077,0.020799,0.088907,0.064037,0.031317,0.086831,0.067832,0.068726
69.921875,0.195358,0.012873,0.782048,0.664734,0.299308,0.036498,1,0.81183,0.319804,0.293599,0.091021,0.300561,0.24001,0.197958,0.092277,0.077301,0.165573,0.159915,0.035087,0.094991,0.185394,0.136489,0.122282,0.125918,0.112821,0.091152,0.183025,0.158194,0.009403,0.166587,0.175529,0.175325
70.3125,0.322254,0.011812,0.810601,0.605307,0.345096,0.051758,1,0.85539,0.528969,0.119603,0.004285,0.40742,0.197579,0.067186,0.011203,0.155928,0.482121,0.488577,0.062683,0.240094,0.345944,0.357415,0.286138,0.336135,0.217111,0.218462,0.446847,0.397663,0.045322,0.409,0.432596,0.441549
70.703125,0.368453,0.088316,0.840716,0.665274,0.343284,0.020216,1,0.874118,0.609783,0.081285,0.039534,0.468368,0.230844,0.081137,0.057208,0.121154,0.512574,0.505206,0.058344,0.210008,0.345066,0.353809,0.249664,0.307185,0.177189,0.139295,0.442985,0.406146,0.158883,0.419607,0.440072,0.439012
71.09375,0.439166,0.100524,0.7821,0.682898,0.285979,0.02024,1,0.834141,0.580517,0.04882,0.049266,0.502784,0.378074,0.107621,0.0047,0.140799,0.448972,0.435931,0.078724,0.175286,0.337481,0.321341,0.239446,0.260577,0.209895,0.169576,0.472428,0.397952,0.178193,0.485523,0.441594,0.45213
71.484375,0.320153,0.128618,0.704964,0.517378,0.304876,0.0749,1,0.794188,0.410801,0.016253,0.04263,0.408206,0.202079,0.037229,0.00776,0.062852,0.262062,0.243201,0.0201,0.092796,0.170342,0.175815,0.117494,0.123478,0.121182,0.091646,0.279209,0.215696,0.047158,0.282157,0.244179,0.243992
71.875,0.357464,0.098424,0.691568,0.575903,0.100134,0.159932,1,0.78779,0.5507,0.181086,0.063165,0.3473,0.392387,0.178597,0.017613,0.040502,0.314873,0.321992,0.018784,0.107893,0.217289,0.183145,0.129759,0.161993,0.121806,0.098799,0.291379,0.228035,0.11169,0.315067,0.252135,0.241815
72.265625,0.407997,0.000525,0.740482,0.713329,0.248058,0.077833,1,0.821995,0.481492,0.24658,0.030067,0.411721,0.347419,0.329826,0.052807,0.005879,0.440705,0.419205,0.051672,0.21757,0.292911,0.279855,0.267665,0.280284,0.173999,0.130086,0.331787,0.320887,0.057701,0.307844,0.324553,0.344395
72.65625,0.291807,0.006087,0.697318,0.463983,0.142484,0.064791,1,0.801644,0.411331,0.201855,0.022607,0.257329,0.155662,0.138444,0.035192,0.038411,0.317032,0.350364,0.033228,0.112693,0.174256,0.188882,0.123482,0.174785,0.089031,0.097651,0.298911,0.279026,0.026463,0.231668,0.298402,0.333783
73.046875,0.282879,0.023566,0.738108,0.601462,0.265908,0.02131,1,0.837165,0.365803,0.070282,0.010974,0.32143,0.280476,0.148358,0.024676,0.075399,0.270895,0.301175,0.00221,0.099098,0.156874,0.158277,0.102895,0.150182,0.084026,0.098311,0.235874,0.210058,0.05891,0.206976,0.252684,0.227817
73.4375,0.353241,0.137361,0.755106,0.652158,0.262256,0.080364,1,0.841905,0.522627,0.10073,0.022116,0.39001,0.319486,0.106048,0.035029,0.077859,0.362726,0.338013,0.05967,0.140059,0.230606,0.205864,0.173018,0.207888,0.161241,0.135282,0.323554,0.261512,0.099169,0.32243,0.313029,0.285107
73.828125,0.395139,0.100798,0.749053,0.701547,0.227778,0.191453,1,0.776736,0.458743,0.17414,0.08642,0.345827,0.325514,0.220033,0.096925,0.089869,0.238751,0.233179,0.022407,0.081526,0.127921,0.131691,0.103688,0.140949,0.113145,0.118894,0.254327,0.195449,0.045584,0.23987,0.21863,0.213471
74.21875,0.476605,0.007816,0.825586,0.713091,0.354577,0.057811,1,0.832498,0.653135,0.24286,0.011035,0.571985,0.215635,0.138606,0.021977,0.197621,0.228628,0.18686,0.035799,0.196793,0.230217,0.213538,0.224281,0.26541,0.184138,0.177456,0.2128,0.262907,0.029281,0.152899,0.236448,0.24263
74.609375,0.308429,0.009845,0.72409,0.589261,0.236178,0.061605,1,0.798948,0.471636,0.231746,0.022251,0.434739,0.380027,0.189252,0.082867,0.110293,0.30213,0.305696,0.067405,0.262718,0.29443,0.311281,0.279365,0.344394,0.195402,0.232644,0.258921,0.33042,0.022469,0.158925,0.310196,0.330511
75,0.379728,0.029254,0.809974,0.679343,0.307181,0.174715,1,0.858105,0.48573,0.20502,0.024684,0.448353,0.513684,0.241308,0.014946,0.133517,0.311294,0.336951,0.107627,0.241551,0.29008,0.310381,0.237218,0.288241,0.223674,0.197641,0.294247,0.34331,0.031571,0.245093,0.323203,0.370873
75.390625,0.451908,0.023376,0.776082,0.655447,0.313416,0.039584,1,0.844595,0.460355,0.166326,0.006607,0.341326,0.218627,0.11758,0.03499,0.077978,0.30833,0.319974,0.02022,0.164805,0.301109,0.278175,0.215634,0.25243,0.167562,0.145711,0.327829,0.330205,0.04621,0.2784,0.318954,0.347211
75.78125,0.312151,0.026527,0.794291,0.717461,0.333909,0.01348,1,0.794906,0.453306,0.269612,0.093217,0.209788,0.128818,0.170787,0.035091,0.003986,0.250292,0.257624,0.022669,0.165863,0.220054,0.206589,0.194885,0.219046,0.164593,0.167585,0.263415,0.264381,0.015944,0.23291,0.250815,0.265147
76.171875,0.228661,0.104624,0.767486,0.655639,0.096571,0.042791,1,0.738834,0.417433,0.226252,0.038593,0.217888,0.356322,0.126533,0.038125,0.020911,0.220362,0.278971,0.041369,0.093875,0.148784,0.149353,0.097828,0.108986,0.089906,0.106639,0.251801,0.183574,0.040878,0.253521,0.228773,0.223081
76.5625,0.318601,0.047394,0.660826,0.606183,0.294128,0.046672,1,0.694107,0.331493,0.215144,0.011395,0.275484,0.253615,0.096227,0.004909,0.041587,0.15733,0.179012,0.015089,0.098885,0.116648,0.108322,0.102392,0.140399,0.075934,0.086507,0.150587,0.149382,0.019589,0.127387,0.148433,0.159146
76.953125,0.318474,0.057345,0.741414,0.77355,0.472559,0.072936,1,0.768202,0.132963,0.314857,0.023074,0.297262,0.205258,0.287324,0.039067,0.054328,0.183748,0.200337,0.047135,0.14408,0.178872,0.231195,0.157971,0.184423,0.189325,0.121685,0.243574,0.192168,0.04495,0.232815,0.207083,0.20431
77.34375,0.238498,0.072758,0.716544,0.652431,0.190626,0.007687,1,0.843953,0.413838,0.191408,0.030302,0.263785,0.359379,0.382559,0.016553,0.032165,0.170501,0.180271,0.028496,0.132711,0.131451,0.160268,0.136721,0.161857,0.188702,0.144185,0.198554,0.175348,0.036132,0.188167,0.190138,0.186845
77.734375,0.271006,0.038093,0.727506,0.660259,0.170784,0.039499,1,0.798341,0.384451,0.203237,0.055464,0.237363,0.345883,0.346512,0.06136,0.060918,0.202086,0.200435,0.021632,0.135348,0.147407,0.186242,0.131432,0.167246,0.14804,0.14254,0.228664,0.196848,0.046056,0.222615,0.219377,0.228392
78.125,0.146891,0.085484,0.628029,0.538185,0.204717,0.010933,1,0.73485,0.360992,0.064415,0.014342,0.366077,0.198507,0.12448,0.008124,0.113413,0.116691,0.159743,0.03728,0.022936,0.028115,0.068449,0.043473,0.050294,0.014999,0.019688,0.091503,0.113697,0.00504,0.056071,0.126289,0.1241
78.515625,0.204726,0.037114,0.738178,0.700868,0.120392,0.034918,1,0.759978,0.406184,0.192834,0.067865,0.263237,0.340592,0.270329,0.062091,0.055327,0.047093,0.073563,0.077525,0.011794,0.00855,0.014281,0.011449,0.030071,0.004476,0.013386,0.032998,0.05763,0.005911,0.024908,0.044596,0.047922
78.90625,0.344002,0.087532,0.811837,0.691775,0.297888,0.04873,1,0.832656,0.351635,0.279836,0.179296,0.326892,0.341169,0.299507,0.073962,0.067496,0.187312,0.184824,0.027642,0.084919,0.154547,0.14584,0.126438,0.152922,0.113185,0.060631,0.161797,0.207522,0.041717,0.138281,0.169712,0.200437
79.296875,0.467784,0.013937,0.841674,0.675269,0.196935,0.071186,1,0.87426,0.555506,0.336175,0.09663,0.449014,0.303126,0.348658,0.041434,0.129817,0.390333,0.405828,0.133467,0.348933,0.409048,0.401954,0.38691,0.414293,0.271853,0.185334,0.329448,0.409682,0.048787,0.260584,0.354978,0.399158
79.6875,0.544917,0.004753,0.805225,0.68635,0.161077,0.036041,1,0.85075,0.561102,0.280867,0.022208,0.365559,0.207402,0.155644,0.032548,0.161042,0.348635,0.344431,0.06979,0.206843,0.2929,0.274583,0.2424,0.278426,0.208829,0.181404,0.332067,0.337614,0.031903,0.290871,0.328837,0.345147
80.078125,0.344582,0.016921,0.840088,0.66323,0.224441,0.032607,1,0.799069,0.511799,0.405437,0.05598,0.275639,0.344495,0.190827,0.028865,0.108588,0.175435,0.164256,0.073158,0.031391,0.061598,0.058076,0.036231,0.042698,0.011476,0.004715,0.137945,0.079643,0.033898,0.144682,0.129346,0.118863
80.46875,0.338602,0.034021,0.666523,0.508484,0.141219,0.105666,1,0.759921,0.377175,0.23682,0.099817,0.137224,0.146807,0.070455,0.078796,0.027981,0.157665,0.194046,0.028637,0.057254,0.082703,0.085899,0.069912,0.088268,0.041772,0.049696,0.109558,0.136741,0.046816,0.090788,0.107115,0.167719
80.859375,0.245964,0.010661,0.720481,0.52453,0.100588,0.079423,1,0.762364,0.434473,0.255018,0.11214,0.308388,0.3096,0.310921,0.053068,0.040506,0.248668,0.261692,0.044748,0.178657,0.20086,0.241114,0.182972,0.246693,0.154657,0.171652,0.205635,0.303401,0.024447,0.202656,0.247697,0.307036
81.25,0.451473,0.012239,0.728093,0.618283,0.275001,0.025442,1,0.800008,0.340839,0.229893,0.093271,0.448991,0.212,0.281833,0.096288,0.099825,0.124694,0.115896,0.026719,0.112429,0.17103,0.137979,0.145932,0.158913,0.106016,0.070676,0.13309,0.178828,0.01824,0.091023,0.165626,0.178943
81.640625,0.355535,0.069645,0.650965,0.46768,0.169203,0.05464,1,0.788461,0.223852,0.225411,0.079462,0.19057,0.157449,0.148453,0.019809,0.082562,0.144305,0.176939,0.067476,0.097148,0.11024,0.109905,0.106032,0.117829,0.072417,0.052401,0.150638,0.135131,0.018604,0.130881,0.135962,0.149585
82.03125,0.383686,0.014384,0.703106,0.517506,0.209445,0.013937,1,0.771985,0.212295,0.169282,0.005983,0.294516,0.137174,0.036229,0.009137,0.024262,0.195827,0.241061,0.001318,0.070014,0.158259,0.152666,0.105691,0.116424,0.103275,0.113502,0.253549,0.187976,0.010145,0.231168,0.229187,0.22376
82.421875,0.349558,0.014178,0.747196,0.539736,0.090854,0.043925,1,0.77129,0.421855,0.314374,0.04497,0.220975,0.201678,0.234095,0.089233,0.01523,0.236384,0.244879,0.039979,0.133342,0.225836,0.202791,0.178599,0.216212,0.144949,0.130095,0.258365,0.251211,0.029135,0.222244,0.247407,0.260445
82.8125,0.205389,0.02578,0.77793,0.644077,0.183896,0.052566,1,0.731415,0.531766,0.232061,0.126973,0.190847,0.48559,0.193027,0.023425,0.043322,0.228902,0.228056,0.068324,0.083178,0.196447,0.209639,0.118795,0.159388,0.159219,0.106792,0.304573,0.235835,0.059305,0.272402,0.272133,0.287922
83.203125,0.158799,0.020624,0.649937,0.58874,0.146046,0.004114,1,0.76583,0.32308,0.176186,0.116508,0.190251,0.199988,0.142271,0.043393,0.027117,0.158591,0.185694,0.008182,0.034684,0.089903,0.098363,0.061677,0.091561,0.090857,0.059034,0.1537,0.1743,0.033862,0.140895,0.161246,0.194132
83.59375,0.312738,0.031241,0.680664,0.458454,0.167203,0.056803,1,0.806671,0.450194,0.069145,0.038145,0.201829,0.263603,0.147879,0.0381,0.038405,0.324577,0.337792,0.04959,0.194023,0.246805,0.301746,0.260757,0.290423,0.252731,0.27013,0.351404,0.329426,0.032845,0.298217,0.376489,0.343499
83.984375,0.361139,0.054802,0.721551,0.547789,0.216277,0.098856,1,0.702165,0.368618,0.05729,0.089199,0.346398,0.243897,0.093426,0.000545,0.093423,0.169172,0.220788,0.086064,0.130884,0.154011,0.162075,0.152607,0.155501,0.180101,0.119147,0.22758,0.213751,0.020277,0.186243,0.236222,0.218748
84.375,0.365053,0.03988,0.773253,0.641383,0.343494,0.011679,1,0.732633,0.4596,0.11999,0.00991,0.344027,0.226959,0.1366,0.041399,0.126784,0.221506,0.196573,0.16328,0.344238,0.298848,0.290193,0.355618,0.366019,0.357665,0.326624,0.210901,0.381175,0.022591,0.09477,0.313751,0.340617
84.765625,0.228097,0.015448,0.755566,0.492997,0.247964,0.019704,1,0.811553,0.518659,0.142096,0.005472,0.410702,0.26565,0.123892,0.059093,0.051106,0.288039,0.323363,0.032136,0.177504,0.204468,0.281199,0.239456,0.255756,0.183187,0.155505,0.27672,0.329584,0.015656,0.215948,0.307959,0.297352
85.15625,0.346991,0.045594,0.739234,0.695074,0.162558,0.048957,1,0.759115,0.546727,0.291368,0.007094,0.434891,0.418163,0.230026,0.023001,0.030137,0.38434,0.375619,0.060596,0.294988,0.236531,0.257116,0.310645,0.34495,0.179329,0.228004,0.250793,0.336658,0.034704,0.166292,0.300774,0.314246
85.546875,0.296796,0.007661,0.786616,0.722895,0.27945,0.041896,1,0.732998,0.511898,0.292878,0.111218,0.344034,0.333361,0.202623,0.08317,0.054479,0.389748,0.40416,0.00989,0.181036,0.284628,0.270342,0.253551,0.291885,0.167249,0.187871,0.346781,0.381208,0.030542,0.237132,0.400155,0.389413
85.9375,0.214861,0.059163,0.742174,0.585362,0.325374,0.013474,1,0.699065,0.514947,0.089849,0.013419,0.376286,0.363214,0.096461,0.042069,0.043107,0.27156,0.209556,0.025839,0.125869,0.221361,0.236392,0.144144,0.200911,0.127452,0.191751,0.282557,0.305353,0.007416,0.195431,0.306966,0.335205
86.328125,0.423221,0.084111,0.683896,0.616785,0.268578,0.029041,1,0.83048,0.493312,0.075025,0.04787,0.488545,0.386796,0.11082,0.032677,0.101753,0.293929,0.284054,0.084476,0.17221,0.269689,0.258292,0.197868,0.233077,0.152737,0.16959,0.297403,0.298191,0.087331,0.28216,0.309327,0.351424
86.71875,0.508707,0.030994,0.70709,0.672863,0.168911,0.003143,1,0.844794,0.376054,0.185678,0.087189,0.36794,0.393839,0.258834,0.003325,0.063077,0.282246,0.253559,0.016337,0.135762,0.195774,0.14351,0.194506,0.225638,0.051574,0.089104,0.145848,0.223282,0.006633,0.110866,0.166743,0.188879
87.109375,0.362609,0.06558,0.7815,0.688036,0.29562,0.011281,1,0.834179,0.40525,0.201952,0.094588,0.48458,0.312854,0.169576,0.060371,0.051176,0.454394,0.385368,0.073216,0.284407,0.362485,0.416698,0.362727,0.383646,0.284115,0.274691,0.394659,0.413362,0.081753,0.325238,0.421139,0.434506
87.5,0.373555,0.041383,0.732752,0.673709,0.230759,0.05409,1,0.749564,0.455156,0.176227,0.066634,0.333009,0.258178,0.13425,0.029169,0.131781,0.291582,0.247522,0.085563,0.144259,0.199823,0.194904,0.182175,0.200233,0.115477,0.163543,0.187638,0.253471,0.048736,0.153219,0.206421,0.263192
87.890625,0.156747,0.049416,0.665082,0.441748,0.147631,0.100147,1,0.67875,0.484824,0.110661,0.003796,0.229394,0.487826,0.252144,0.007039,0.128846,0.157586,0.163011,0.038261,0.101567,0.188717,0.106262,0.124796,0.147049,0.091525,0.111248,0.13691,0.19028,0.014331,0.091204,0.150308,0.212316
88.28125,0.366096,0.093207,0.676884,0.444662,0.078608,0.03755,1,0.705657,0.288289,0.128265,0.010515,0.231174,0.2561,0.119191,0.020359,0.022249,0.266974,0.233184,0.142326,0.165535,0.221299,0.190802,0.15762,0.200671,0.093667,0.070002,0.207587,0.222738,0.069695,0.196471,0.224352,0.250037
88.671875,0.349331,0.068932,0.736028,0.643052,0.191555,0.026066,1,0.807558,0.212674,0.215071,0.104647,0.205585,0.243183,0.043791,0.052799,0.09447,0.211177,0.224814,0.054016,0.111279,0.14991,0.196995,0.123923,0.147385,0.12074,0.11943,0.238262,0.184724,0.013322,0.220452,0.218325,0.243842
89.0625,0.234796,0.023532,0.723794,0.496989,0.215579,0.067201,1,0.792916,0.476008,0.182935,0.038912,0.286454,0.336194,0.168939,0.111494,0.074481,0.214922,0.214365,0.024647,0.084936,0.138541,0.137068,0.104879,0.157557,0.113858,0.07535,0.190411,0.179853,0.024691,0.161434,0.171205,0.188434
89.453125,0.277514,0.028185,0.562212,0.355584,0.133403,0.006638,1,0.733872,0.235325,0.079894,0.00845,0.293333,0.213715,0.126271,0.091072,0.067198,0.218292,0.204333,0.040101,0.098764,0.170185,0.179173,0.125342,0.141216,0.127325,0.128675,0.226141,0.199886,0.090224,0.220239,0.218671,0.233375
89.84375,0.157007,0.045548,0.671093,0.542082,0.141583,0.130988,1,0.720219,0.418054,0.337794,0.075727,0.155026,0.168561,0.174248,0.057683,0.018875,0.214011,0.260029,0.085462,0.011775,0.085403,0.063366,0.017095,0.049075,0.034988,0.023732,0.144415,0.148897,0.074936,0.113755,0.127338,0.173802
90.234375,0.291077,0.014739,0.699846,0.43484,0.106514,0.078255,1,0.729515,0.398234,0.294069,0.030538,0.301657,0.185403,0.14808,0.053855,0.042254,0.360754,0.368566,0.091458,0.165886,0.26661,0.258595,0.202758,0.249577,0.10286,0.081121,0.251167,0.305242,0.050375,0.201954,0.266094,0.296454
90.625,0.467544,0.033106,0.755176,0.581772,0.198495,0.02381,1,0.801073,0.452146,0.073728,0.016567,0.296935,0.258473,0.130072,0.034311,0.062615,0.322298,0.26989,0.042261,0.189379,0.29489,0.269851,0.228392,0.297633,0.232644,0.084403,0.227851,0.332516,0.018047,0.177428,0.295813,0.281642
91.015625,0.371609,0.047666,0.696849,0.54859,0.111833,0.063054,1,0.780054,0.410457,0.151002,0.012324,0.242075,0.407212,0.357957,0.009055,0.015433,0.202272,0.167627,0.05206,0.04087,0.159672,0.110205,0.061083,0.088621,0.05081,0.030448,0.183219,0.164449,0.067652,0.180937,0.171491,0.176004
91.40625,0.286077,0.017986,0.674978,0.609212,0.0946,0.015879,1,0.712982,0.376725,0.332763,0.144392,0.203585,0.215133,0.284054,0.11405,0.004438,0.188239,0.205649,0.028044,0.092992,0.180367,0.222814,0.137393,0.188844,0.128806,0.108204,0.180964,0.251381,0.025305,0.127468,0.235154,0.207108
91.796875,0.13758,0.0186,0.601164,0.56594,0.145527,0.000938,1,0.617287,0.429815,0.248808,0.031018,0.171406,0.140542,0.123073,0.012009,0.021455,0.191047,0.230464,0.044185,0.06756,0.115959,0.190483,0.079149,0.122131,0.063545,0.033452,0.177302,0.169303,0.06821,0.153326,0.215714,0.181103
92.1875,0.246627,0.008091,0.629567,0.587436,0.353177,0.030141,1,0.765184,0.362688,0.196588,0.041241,0.254785,0.266217,0.19418,0.042754,0.07112,0.333421,0.305303,0.029061,0.150483,0.251056,0.213334,0.187212,0.227206,0.097514,0.07335,0.22538,0.285287,0.090337,0.198672,0.264057,0.280697
92.578125,0.321372,0.015087,0.671102,0.628545,0.163331,0.017473,1,0.79624,0.449603,0.248132,0.031258,0.207475,0.307256,0.153378,0.14729,0.069895,0.167714,0.191053,0.016077,0.078468,0.122501,0.105974,0.137699,0.170387,0.063247,0.084796,0.176436,0.197128,0.066024,0.152937,0.167609,0.18861
92.96875,0.310558,0.007223,0.738892,0.531348,0.277034,0.100618,1,0.678341,0.479497,0.163545,0.030098,0.279268,0.318753,0.177016,0.066247,0.040772,0.231727,0.216403,0.025735,0.104246,0.280127,0.256169,0.192709,0.221246,0.118295,0.125518,0.214895,0.304324,0.014079,0.13329,0.266612,0.321619
93.359375,0.262433,0.040235,0.729334,0.643426,0.279189,0.070206,1,0.719051,0.3454,0.128927,0.06235,0.103062,0.221409,0.215704,0.033331,0.027415,0.281433,0.250598,0.015098,0.107566,0.288981,0.272663,0.206754,0.23546,0.174846,0.105734,0.322013,0.315307,0.045949,0.240659,0.324712,0.315164
93.75,0.365503,0.029623,0.656869,0.587245,0.178394,0.121566,1,0.740602,0.314797,0.312838,0.055463,0.101063,0.142478,0.172875,0.005664,0.009738,0.287639,0.256969,0.090533,0.019479,0.17648,0.168659,0.056288,0.085278,0.078684,0.041219,0.316071,0.187035,0.248323,0.358855,0.239619,0.236686
94.140625,0.244798,0.045895,0.6701,0.562354,0.179922,0.044136,1,0.754716,0.352034,0.290949,0.074356,0.288368,0.273293,0.261988,0.029908,0.029249,0.29174,0.278463,0.034607,0.099103,0.173531,0.202461,0.122244,0.190307,0.144593,0.085158,0.237157,0.283935,0.094913,0.223012,0.27871,0.295429
94.53125,0.182665,0.009009,0.528101,0.385953,0.142351,0.026048,1,0.726365,0.202966,0.153733,0.011629,0.066704,0.202623,0.220096,0.055123,0.027428,0.28635,0.245886,0.023411,0.075246,0.192814,0.161334,0.118809,0.133599,0.089463,0.033387,0.269587,0.218643,0.073431,0.258755,0.277663,0.210549
94.921875,0.378629,0.021338,0.61971,0.576907,0.289171,0.020536,1,0.76959,0.278409,0.129931,0.012243,0.171782,0.287472,0.111308,0.063894,0.046025,0.187198,0.121464,0.023502,0.033906,0.145365,0.077594,0.061822,0.07335,0.037448,0.012863,0.148125,0.146309,0.0163,0.108306,0.161759,0.170977
95.3125,0.3194,0.005933,0.692803,0.557294,0.237014,0.004662,1,0.756631,0.262492,0.108852,0.091803,0.242096,0.353399,0.222244,0.116941,0.032369,0.028382,0.015784,0.062713,0.007146,0.024079,0.034577,0.010535,0.029669,0.017064,0.043803,0.016194,0.064267,0.016337,0.014461,0.031842,0.063564
95.703125,0.181688,0.004686,0.677409,0.642813,0.085857,0.023103,1,0.683428,0.422924,0.212225,0.164665,0.091988,0.366337,0.255628,0.101849,0.028045,0.085672,0.142195,0.066269,0.019346,0.028107,0.07261,0.018742,0.048609,0.006854,0.009924,0.084176,0.078128,0.010842,0.071027,0.100632,0.081162
96.09375,0.250761,0.052157,0.656492,0.611124,0.064006,0.088083,1,0.61632,0.556265,0.151851,0.09367,0.179445,0.32085,0.193556,0.056836,0.037994,0.071534,0.057683,0.005754,0.019481,0.047509,0.048069,0.033062,0.046778,0.030792,0.027007,0.072683,0.049759,0.045861,0.04145,0.070318,0.073745
96.484375,0.295681,0.036816,0.604953,0.539897,0.119369,0.016374,1,0.617232,0.235555,0.121728,0.050191,0.129817,0.126552,0.13361,0.128339,0.041575,0.084572,0.062891,0.026455,0.053999,0.095528,0.08296,0.075783,0.06879,0.082893,0.054583,0.110707,0.096053,0.068743,0.098898,0.103529,0.099929
96.875,0.336622,0.024556,0.639134,0.322944,0.144715,0.019481,1,0.646129,0.187267,0.115789,0.029389,0.269153,0.206917,0.105684,0.180649,0.167001,0.100982,0.113147,0.02694,0.036529,0.091667,0.065069,0.066439,0.070911,0.063698,0.032522,0.110358,0.136253,0.013703,0.090022,0.125772,0.145173
97.265625,0.206429,0.029986,0.633275,0.330087,0.276491,0.029418,1,0.764886,0.288683,0.147818,0.029236,0.514266,0.294693,0.230948,0.093616,0.077046,0.218756,0.180492,0.059749,0.102807,0.192301,0.132315,0.102217,0.133485,0.052741,0.054968,0.156347,0.197114,0.10625,0.149265,0.179159,0.196059
97.65625,0.301359,0.026511,0.699313,0.674483,0.248976,0.018809,1,0.657637,0.281031,0.168488,0.056994,0.3544,0.230327,0.188929,0.084355,0.036013,0.289763,0.312752,0.015548,0.042836,0.224965,0.137268,0.099718,0.178055,0.086541,0.048625,0.219117,0.222876,0.163427,0.204127,0.229259,0.206394
98.046875,0.282553,0.04397,0.738482,0.533691,0.281959,0.064185,1,0.768565,0.337941,0.104958,0.065799,0.229818,0.176091,0.122861,0.065374,0.003338,0.323006,0.351034,0.02429,0.064956,0.204133,0.147859,0.120577,0.161503,0.068237,0.042966,0.192762,0.267478,0.093071,0.178871,0.255932,0.239169
98.4375,0.197343,0.022977,0.577075,0.520358,0.190357,0.037912,1,0.760425,0.290515,0.121288,0.0414,0.249728,0.163555,0.086062,0.062085,0.034918,0.210212,0.188651,0.010393,0.117673,0.161567,0.124067,0.113908,0.154547,0.033668,0.026665,0.099246,0.163392,0.023042,0.088277,0.11133,0.155042
98.828125,0.26565,0.027504,0.678415,0.562274,0.131106,0.051748,1,0.666102,0.331746,0.307839,0.077489,0.232741,0.343216,0.21796,0.064955,0.072452,0.090432,0.063946,0.018735,0.085189,0.069574,0.059111,0.091369,0.104831,0.06144,0.052172,0.071432,0.107089,0.01259,0.043677,0.090316,0.10993
99.21875,0.234837,0.039079,0.703502,0.609401,0.208365,0.011446,1,0.666299,0.320414,0.284898,0.135849,0.222293,0.135684,0.124737,0.140205,0.018497,0.042126,0.028284,0.065126,0.031942,0.023886,0.027871,0.02703,0.039461,0.030571,0.037382,0.045544,0.039217,0.009287,0.036084,0.036906,0.064952
99.609375,0.205492,0.087678,0.655361,0.535969,0.168817,0.040013,1,0.68205,0.181989,0.232109,0.074365,0.145924,0.074197,0.098939,0.274719,0.036496,0.021544,0.004154,0.224949,0.114193,0.015579,0.036683,0.068621,0.033332,0.040326,0.062238,0.01208,0.00804,0.062471,0.013531,0.011949,0.004399
100,0,0,0,0,0,0,0,0,0,0,0,0,0,0,0,0,0,0,0,0,0,0,0,0,0,0,0,0,0,0,0,0