Frequency Value,FP01,FP02,FP03,FP04,FP05,FP06,FP07,FP08,FP09,FP10,FP11,FP12,FP13,FP14,FP15,FP16,FP17,FP18,FP19,FP20,FP21,FP22,FP23,FP24,FP25,FP26,FP27,FP28,FP29,FP30,FP31,FP32
0,1,0.009409,0.04174,0.009056,0.714599,0.163394,0.040258,0.228938,0.151582,0.005839,0.148783,0.386443,0.008929,0.092311,0.077099,0.131537,0.28447,0.299944,0.020673,0.0132,0.213798,0.171169,0.045885,0.056411,0.114285,0.002058,0.316696,0.180336,0.418823,0.35332,0.227747,0.180899
0.390625,1,0.039033,0.243736,0.204335,0.578871,0.092288,0.273874,0.392907,0.290155,0.038535,0.078987,0.388841,0.104446,0.048615,0.012425,0.293296,0.106064,0.104844,0.031587,0.052209,0.092638,0.051529,0.065827,0.109508,0.041837,0.024085,0.064804,0.079685,0.068559,0.080588,0.073511,0.046445
0.78125,1,0.064895,0.128568,0.051071,0.556071,0.017629,0.156903,0.214118,0.021164,0.096238,0.324363,0.356714,0.093421,0.014917,0.088775,0.48888,0.076095,0.073212,0.047424,0.054564,0.075588,0.051068,0.06483,0.09076,0.060928,0.044652,0.045949,0.072889,0.011695,0.076752,0.071587,0.062073
1.171875,1,0.105316,0.167676,0.100492,0.337223,0.00552,0.161979,0.127029,0.02716,0.095298,0.210278,0.343701,0.041999,0.038587,0.117171,0.303012,0.068717,0.081216,0.018018,0.008146,0.040537,0.037729,0.012694,0.017295,0.014873,0.014197,0.058011,0.030621,0.101005,0.110679,0.041991,0.044202
1.5625,1,0.021455,0.164004,0.066325,0.418326,0.02301,0.170844,0.193456,0.09599,0.018383,0.125766,0.41421,0.035367,0.026318,0.048447,0.198151,0.041283,0.06261,0.047291,0.023342,0.015288,0.044458,0.018027,0.022279,0.01853,0.022439,0.089937,0.013888,0.202343,0.135681,0.043997,0.035444
1.953125,1,0.085295,0.384781,0.152713,0.615232,0.190399,0.373042,0.425331,0.400817,0.015567,0.242025,0.59184,0.00633,0.01753,0.07767,0.462672,0.072109,0.061441,0.020444,0.077042,0.121895,0.08195,0.100708,0.123436,0.10434,0.057476,0.131291,0.109089,0.127835,0.151783,0.109512,0.078049
2.34375,1,0.042317,0.331645,0.159814,0.424148,0.149397,0.33785,0.375693,0.259272,0.015994,0.21939,0.467184,0.043491,0.023248,0.050386,0.318006,0.101963,0.132355,0.02166,0.116334,0.10592,0.110221,0.085953,0.152407,0.081422,0.108516,0.15548,0.146858,0.160428,0.189886,0.109605,0.128596
2.734375,1,0.042046,0.520291,0.402118,0.541838,0.124414,0.509656,0.499122,0.287332,0.017679,0.154647,0.551774,0.201469,0.161424,0.079857,0.435174,0.149797,0.133831,0.150331,0.26333,0.208005,0.20646,0.232528,0.297469,0.227448,0.278916,0.132924,0.244569,0.154142,0.129849,0.168365,0.219158
3.125,1,0.112871,0.518109,0.428765,0.465968,0.166559,0.547616,0.558793,0.314903,0.034979,0.090373,0.609893,0.254117,0.20313,0.02884,0.27873,0.261198,0.25731,0.223089,0.356646,0.272828,0.297709,0.316075,0.373676,0.281696,0.334477,0.180075,0.334213,0.093629,0.112807,0.253591,0.321282
3.515625,1,0.045979,0.531555,0.478495,0.4835,0.208973,0.575254,0.575604,0.342553,0.061881,0.041965,0.554619,0.185468,0.14513,0.046492,0.2827,0.296319,0.273535,0.26021,0.406805,0.328581,0.33163,0.364514,0.430655,0.356261,0.406323,0.216679,0.37755,0.095017,0.154341,0.297403,0.357737
3.90625,1,0.021938,0.561665,0.518081,0.469171,0.206467,0.603813,0.624004,0.470197,0.137841,0.024533,0.5231,0.246399,0.317533,0.038506,0.336967,0.306889,0.257392,0.289438,0.435162,0.347946,0.305292,0.405439,0.464378,0.359819,0.414573,0.157181,0.398534,0.154451,0.063987,0.307286,0.351314
4.296875,1,0.159513,0.438168,0.409465,0.441654,0.27197,0.470526,0.455201,0.294828,0.04746,0.042403,0.536347,0.152854,0.162177,0.029104,0.248655,0.25713,0.208073,0.237429,0.302576,0.333402,0.27032,0.312141,0.332867,0.326684,0.309297,0.180234,0.337642,0.170398,0.065151,0.291617,0.323479
4.6875,1,0.149063,0.369651,0.342883,0.408956,0.199109,0.423718,0.445951,0.285199,0.020479,0.130998,0.543171,0.102905,0.024869,0.062841,0.276219,0.115795,0.074369,0.189503,0.24532,0.194928,0.145439,0.223503,0.266884,0.219525,0.238112,0.028711,0.22409,0.174007,0.008637,0.129379,0.185698
5.078125,1,0.052722,0.370648,0.369147,0.379102,0.12507,0.440567,0.45636,0.227147,0.048734,0.080783,0.569716,0.092334,0.005673,0.122802,0.328267,0.183345,0.148419,0.212848,0.21881,0.212314,0.183089,0.213765,0.213257,0.202985,0.201015,0.135835,0.188242,0.136578,0.091252,0.182312,0.174919
5.46875,1,0.042247,0.39918,0.359563,0.452741,0.135872,0.384801,0.360888,0.208095,0.013464,0.031176,0.395006,0.04447,0.004577,0.065913,0.274085,0.166206,0.120111,0.26675,0.298814,0.241806,0.214352,0.281117,0.301723,0.288013,0.266888,0.102054,0.232214,0.096197,0.027854,0.180834,0.196114
5.859375,1,0.055337,0.404004,0.357612,0.411455,0.086642,0.405423,0.381924,0.198105,0.038053,0.103494,0.51438,0.043862,0.003675,0.12049,0.21678,0.075129,0.070996,0.11453,0.202647,0.120598,0.129187,0.170535,0.213709,0.199939,0.260196,0.054867,0.162977,0.060198,0.037061,0.097279,0.133221
6.25,1,0.007593,0.174159,0.14428,0.226216,0.008432,0.210752,0.221501,0.047027,0.137566,0.152475,0.251014,0.030436,0.014541,0.21287,0.197185,0.082826,0.077678,0.144367,0.157076,0.108691,0.127282,0.156816,0.163041,0.146459,0.161913,0.044597,0.119108,0.028011,0.027742,0.081183,0.104138
6.640625,1,0.051918,0.183955,0.127735,0.225499,0.035109,0.160899,0.150521,0.016812,0.173943,0.237258,0.306579,0.047183,0.034423,0.319104,0.302908,0.014762,0.011822,0.044939,0.058039,0.030055,0.035854,0.037985,0.064635,0.031234,0.031907,0.002492,0.024895,0.01149,0.008937,0.007787,0.026031
7.03125,1,0.021323,0.325598,0.298571,0.310518,0.081248,0.355575,0.338947,0.085683,0.099126,0.24449,0.532296,0.179966,0.052344,0.26409,0.386966,0.124687,0.123663,0.128597,0.13527,0.118431,0.110743,0.116152,0.132468,0.088612,0.038434,0.0726,0.093443,0.101336,0.109084,0.079701,0.100543
7.421875,1,0.016407,0.342292,0.328917,0.278987,0.071756,0.417676,0.39142,0.278914,0.03112,0.150028,0.493559,0.115124,0.064782,0.143538,0.271429,0.158801,0.144213,0.173484,0.21264,0.199875,0.15452,0.215673,0.227692,0.197246,0.179936,0.143521,0.176176,0.174242,0.167062,0.161593,0.139837
7.8125,1,0.034913,0.342482,0.337489,0.271516,0.122678,0.370498,0.369831,0.155032,0.10465,0.344716,0.511667,0.221406,0.100206,0.258033,0.392169,0.089344,0.058934,0.125128,0.12732,0.171152,0.111981,0.168226,0.131818,0.186797,0.158764,0.078294,0.150802,0.032279,0.040854,0.14871,0.104589
8.203125,1,0.045254,0.379345,0.380562,0.331914,0.156883,0.396176,0.352345,0.121899,0.087876,0.24906,0.442308,0.15616,0.089481,0.254216,0.285841,0.026768,0.025156,0.030258,0.069105,0.046907,0.054946,0.067076,0.078331,0.085406,0.112207,0.039613,0.056834,0.021275,0.028944,0.050882,0.046277
8.59375,1,0.029831,0.346984,0.301104,0.312623,0.136781,0.352648,0.309278,0.155085,0.015033,0.227704,0.487844,0.051734,0.017719,0.139338,0.340524,0.175833,0.180217,0.137018,0.180679,0.187307,0.193507,0.180869,0.20654,0.175148,0.168852,0.133816,0.200305,0.09236,0.160709,0.15969,0.219884
8.984375,1,0.007966,0.429401,0.438737,0.284098,0.144402,0.501307,0.549587,0.184922,0.01779,0.042159,0.463629,0.029046,0.028675,0.024485,0.219522,0.14382,0.154484,0.088719,0.113204,0.130421,0.127497,0.109621,0.127411,0.084058,0.080281,0.119148,0.126337,0.185722,0.152734,0.10977,0.145661
9.375,1,0.010194,0.302615,0.270903,0.106721,0.054114,0.426684,0.390439,0.113401,0.00899,0.098123,0.385669,0.046549,0.045692,0.12024,0.278044,0.06201,0.074757,0.054318,0.046365,0.058974,0.072595,0.051911,0.053521,0.060915,0.06754,0.074004,0.067674,0.134312,0.108588,0.061234,0.071209
9.765625,1,0.038152,0.443866,0.432075,0.283425,0.184592,0.477256,0.46278,0.300728,0.016532,0.048539,0.421095,0.144195,0.090508,0.064677,0.37122,0.097945,0.11647,0.075584,0.118421,0.08697,0.119708,0.104568,0.130755,0.107245,0.120233,0.09034,0.112396,0.157846,0.146739,0.086311,0.111255
10.15625,1,0.005977,0.323747,0.323603,0.088361,0.03351,0.389855,0.361645,0.281298,0.00563,0.031778,0.345694,0.034379,0.016098,0.090204,0.22444,0.175301,0.227804,0.040301,0.069772,0.113349,0.156899,0.094189,0.082392,0.07096,0.08657,0.208776,0.151803,0.246012,0.249367,0.179869,0.150764
10.546875,1,0.056234,0.338685,0.337547,0.167225,0.171641,0.298898,0.237476,0.112389,0.001429,0.022256,0.324935,0.027789,0.004947,0.02605,0.164962,0.170002,0.189821,0.094316,0.122077,0.151472,0.172479,0.137054,0.129412,0.139828,0.123449,0.189614,0.160535,0.150949,0.195821,0.170403,0.168043
10.9375,1,0.018021,0.443947,0.352918,0.190915,0.113103,0.449697,0.4354,0.189056,0.007866,0.058048,0.478191,0.058666,0.014027,0.043127,0.160877,0.231807,0.254261,0.051659,0.16588,0.172385,0.187605,0.148364,0.172972,0.109403,0.09881,0.182985,0.194169,0.183839,0.235443,0.168389,0.218335
11.328125,1,0.02831,0.253415,0.24662,0.094856,0.06489,0.275689,0.281811,0.175378,0.013052,0.017414,0.272763,0.019461,0.007937,0.055155,0.137157,0.079474,0.06553,0.053474,0.071965,0.092489,0.059962,0.079149,0.076805,0.064636,0.052804,0.066811,0.079097,0.117732,0.08248,0.070072,0.08795
11.71875,1,0.113502,0.282086,0.183065,0.09422,0.078483,0.300218,0.320201,0.120201,0.02488,0.031696,0.432356,0.006584,0.002303,0.104666,0.24776,0.105824,0.079888,0.097737,0.112924,0.154535,0.12006,0.115889,0.125765,0.130414,0.132339,0.075969,0.137003,0.00321,0.076576,0.089962,0.176248
12.109375,1,0.023715,0.377858,0.255228,0.179324,0.034022,0.301626,0.268017,0.15142,0.122622,0.137908,0.588894,0.059751,0.033917,0.255395,0.417167,0.185933,0.187279,0.167018,0.186279,0.160675,0.176217,0.150232,0.17386,0.098156,0.11711,0.073723,0.148962,0.041966,0.113172,0.0826,0.184535
12.5,1,0.036677,0.275304,0.196612,0.25063,0.116694,0.31117,0.358461,0.069473,0.015912,0.087545,0.410436,0.007967,0.03699,0.104444,0.281251,0.150195,0.132057,0.173515,0.145483,0.152699,0.162874,0.151874,0.134612,0.128003,0.106656,0.100623,0.122172,0.040834,0.103007,0.113909,0.143276
12.890625,1,0.011705,0.104356,0.102698,0.088994,0.018733,0.130364,0.220193,0.007112,0.044826,0.147871,0.227707,0.004947,0.029167,0.131647,0.143239,0.079881,0.086323,0.050628,0.050058,0.041107,0.079871,0.055922,0.05675,0.049122,0.075855,0.048728,0.068806,0.049719,0.067559,0.04406,0.087905
13.28125,1,0.053029,0.085117,0.058525,0.054474,0.01917,0.107763,0.123469,0.045889,0.051307,0.193818,0.296965,0.033324,0.055895,0.11174,0.126779,0.065261,0.054352,0.024621,0.037296,0.053977,0.046566,0.049663,0.041183,0.055852,0.036779,0.044381,0.060469,0.035405,0.044816,0.051074,0.067543
13.671875,1,0.00767,0.235838,0.235593,0.11822,0.112562,0.321651,0.218746,0.108618,0.054786,0.161754,0.351949,0.008429,0.025358,0.079324,0.127914,0.107279,0.087665,0.058025,0.076068,0.11997,0.096804,0.132885,0.097186,0.14199,0.12553,0.117894,0.161103,0.011188,0.072284,0.142415,0.129345
14.0625,1,0.075273,0.314422,0.243079,0.093345,0.101374,0.330039,0.304672,0.148423,0.043651,0.118506,0.508738,0.030264,0.049192,0.121165,0.169956,0.153346,0.123127,0.079278,0.112898,0.187707,0.117792,0.149526,0.124378,0.131462,0.099451,0.129649,0.157313,0.037604,0.113862,0.151736,0.148015
14.453125,1,0.041075,0.369344,0.294526,0.170771,0.140426,0.452946,0.434372,0.136493,0.011552,0.22015,0.498795,0.067096,0.100785,0.019569,0.30064,0.308174,0.286975,0.110088,0.138665,0.298172,0.253671,0.185086,0.138948,0.144183,0.10801,0.300288,0.236959,0.306039,0.31332,0.274675,0.253251
14.84375,1,0.015622,0.284433,0.146571,0.104999,0.049467,0.279029,0.167497,0.018277,0.081039,0.106823,0.305661,0.023395,0.10356,0.085572,0.250711,0.048816,0.048529,0.013656,0.012368,0.058347,0.054007,0.021152,0.00916,0.036301,0.018325,0.103809,0.046998,0.099865,0.097436,0.091294,0.06936
15.234375,1,0.126219,0.22386,0.196291,0.230976,0.098466,0.28884,0.246953,0.032471,0.074136,0.284425,0.260197,0.016987,0.020776,0.180253,0.289764,0.180753,0.173533,0.09434,0.106937,0.203322,0.219532,0.155154,0.122239,0.135273,0.128528,0.196313,0.183551,0.139052,0.229329,0.194085,0.201516
15.625,1,0.008846,0.153125,0.109049,0.067287,0.013076,0.241823,0.259953,0.027066,0.0193,0.093988,0.276103,0.09284,0.023098,0.047585,0.158377,0.172653,0.150872,0.2558,0.20633,0.238804,0.190171,0.21939,0.207073,0.146162,0.123963,0.082108,0.171101,0.022199,0.089321,0.108235,0.188979
16.015625,1,0.028521,0.191976,0.176086,0.022698,0.011905,0.257859,0.252329,0.123903,0.014328,0.084109,0.358912,0.04232,0.008161,0.095803,0.233042,0.199446,0.209425,0.099541,0.120416,0.220092,0.18368,0.174163,0.15119,0.125564,0.108834,0.171356,0.200049,0.077168,0.163048,0.189096,0.206192
16.40625,1,0.012884,0.242638,0.237267,0.064221,0.02421,0.308515,0.228678,0.192257,0.02498,0.114354,0.431002,0.029261,0.030169,0.14971,0.393544,0.218454,0.252194,0.075146,0.097296,0.186215,0.232815,0.139707,0.112062,0.109965,0.107899,0.216485,0.210274,0.170494,0.254033,0.199,0.233928
16.796875,1,0.10663,0.107261,0.091948,0.052149,0.03821,0.279481,0.27542,0.054678,0.048658,0.115276,0.347318,0.06014,0.098352,0.191922,0.305732,0.129548,0.128751,0.108437,0.069625,0.111901,0.100933,0.073216,0.067892,0.025454,0.030465,0.106281,0.085384,0.127171,0.125514,0.081347,0.091389
17.1875,1,0.098725,0.123425,0.054178,0.005003,0.011048,0.26791,0.273637,0.10842,0.098252,0.195249,0.299037,0.017963,0.058632,0.151936,0.159944,0.200553,0.207768,0.061365,0.11215,0.186569,0.15141,0.130124,0.116796,0.077566,0.067309,0.146467,0.167374,0.083446,0.159601,0.145525,0.184127
17.578125,1,0.025202,0.29542,0.21462,0.13181,0.00826,0.482068,0.487118,0.058667,0.161077,0.197345,0.289427,0.028933,0.056305,0.244635,0.143358,0.184909,0.179863,0.05139,0.123918,0.19703,0.159666,0.138846,0.128374,0.133311,0.087462,0.155479,0.178077,0.107309,0.157077,0.162787,0.187573
17.96875,1,0.004747,0.226024,0.174454,0.137878,0.041365,0.306395,0.268299,0.062189,0.12605,0.238023,0.367036,0.046443,0.033931,0.193794,0.265727,0.132771,0.133107,0.028092,0.039245,0.11811,0.117162,0.072503,0.055146,0.10881,0.053123,0.11915,0.125074,0.131631,0.139909,0.119429,0.135347
18.359375,1,0.018496,0.218752,0.191207,0.007769,0.095377,0.307359,0.172342,0.141224,0.017583,0.081337,0.265047,0.050977,0.042627,0.036228,0.188085,0.081669,0.068559,0.019013,0.031421,0.085408,0.051361,0.034526,0.025834,0.03323,0.013676,0.075034,0.065374,0.102211,0.088312,0.073545,0.080846
18.75,1,0.025162,0.127948,0.12293,0.042589,0.010355,0.1113,0.098629,0.039734,0.160483,0.088857,0.186149,0.002883,0.028579,0.239446,0.274313,0.033796,0.034926,0.014377,0.020339,0.037964,0.022011,0.015695,0.015393,0.008538,0.027927,0.034752,0.022144,0.09777,0.047044,0.034951,0.023521
19.140625,1,0.004406,0.24059,0.180394,0.193176,0.101263,0.31679,0.283659,0.065269,0.078881,0.246657,0.334796,0.028765,0.011378,0.324983,0.318722,0.146991,0.135788,0.076247,0.065848,0.152269,0.12404,0.089176,0.075075,0.08881,0.08434,0.111769,0.119282,0.076459,0.131867,0.11039,0.136438
19.53125,1,0.041409,0.292256,0.112556,0.061075,0.00046,0.351164,0.327363,0.077758,0.107019,0.228875,0.325659,0.019963,0.10983,0.172856,0.120353,0.116017,0.107035,0.03849,0.037508,0.091648,0.089603,0.034732,0.030898,0.019025,0.005545,0.063742,0.061679,0.092407,0.097733,0.054806,0.095525
19.921875,1,0.094064,0.067447,0.052664,0.102275,0.037326,0.181905,0.154914,0.028728,0.062358,0.239333,0.28121,0.046571,0.140819,0.261347,0.346001,0.073991,0.07735,0.053619,0.069251,0.113818,0.081028,0.066256,0.058016,0.071725,0.049214,0.053815,0.07369,0.033727,0.067969,0.065093,0.1033
20.3125,1,0.048663,0.17939,0.129175,0.115265,0.008856,0.222764,0.130081,0.058848,0.055371,0.254807,0.437261,0.024614,0.062638,0.194379,0.516739,0.065593,0.041872,0.183542,0.157185,0.152966,0.108723,0.188643,0.165443,0.169976,0.118165,0.02738,0.109074,0.012794,0.016585,0.063536,0.106196
20.703125,1,0.065632,0.033436,0.028921,0.066709,0.005987,0.062864,0.073939,0.013606,0.104513,0.196007,0.429385,0.056003,0.091112,0.210467,0.291213,0.04444,0.031313,0.101529,0.087999,0.079149,0.066223,0.107987,0.089676,0.089942,0.080747,0.014503,0.074723,0.005094,0.015296,0.026398,0.064713
21.09375,1,0.059657,0.168703,0.167784,0.107935,0.111925,0.138388,0.142272,0.035864,0.036054,0.186219,0.276072,0.021147,0.054401,0.118896,0.200325,0.045052,0.022758,0.037066,0.031135,0.096507,0.016488,0.045082,0.036773,0.017619,0.00772,0.016563,0.048394,0.011909,0.007865,0.031079,0.047853
21.484375,1,0.096751,0.345077,0.280854,0.047969,0.020196,0.434523,0.368845,0.078686,0.096486,0.227358,0.308348,0.006958,0.041136,0.203145,0.277049,0.06068,0.035652,0.092236,0.088218,0.125791,0.048124,0.094977,0.091492,0.049444,0.034099,0.011269,0.080153,0.00003583461,0.006207,0.033449,0.073434
21.875,1,0.063846,0.155301,0.131024,0.018049,0.005013,0.227261,0.238474,0.041055,0.037105,0.262738,0.16438,0.045837,0.139313,0.136619,0.153352,0.04635,0.041196,0.039721,0.061726,0.078973,0.038036,0.074686,0.062623,0.045457,0.026759,0.02616,0.047675,0.022975,0.030411,0.039068,0.043475
22.265625,1,0.109066,0.074846,0.122863,0.074735,0.064244,0.156646,0.133057,0.013125,0.138086,0.202226,0.102237,0.10495,0.315195,0.285042,0.093102,0.003918,0.009496,0.013611,0.01773,0.006405,0.005208,0.008809,0.014818,0.004694,0.007927,0.019299,0.002479,0.048448,0.020635,0.008083,0.004307
22.65625,1,0.027914,0.084872,0.048572,0.104937,0.013005,0.142346,0.102705,0.020283,0.140792,0.173662,0.30197,0.118093,0.233681,0.23303,0.263683,0.07332,0.065996,0.012032,0.030905,0.074948,0.070667,0.036303,0.04021,0.013974,0.018361,0.047092,0.052467,0.047523,0.070267,0.037673,0.065398
23.046875,1,0.104951,0.155611,0.135552,0.139589,0.158071,0.240941,0.225748,0.086205,0.075377,0.121535,0.245574,0.04276,0.128207,0.179023,0.10441,0.108203,0.092088,0.08545,0.122944,0.096345,0.06924,0.092113,0.124384,0.020498,0.005101,0.022912,0.066644,0.015959,0.025538,0.026285,0.072809
23.4375,1,0.154971,0.318898,0.424771,0.220761,0.147365,0.442033,0.400654,0.092751,0.042269,0.137428,0.349679,0.082503,0.057037,0.078481,0.304821,0.092918,0.068052,0.192083,0.239946,0.146056,0.12811,0.194164,0.245931,0.11929,0.132813,0.02345,0.134566,0.015002,0.011667,0.037735,0.133033
23.828125,1,0.030608,0.167618,0.130154,0.082099,0.048169,0.18291,0.202684,0.043611,0.075506,0.145534,0.152344,0.052127,0.114449,0.123461,0.14222,0.076302,0.073603,0.139125,0.141046,0.04791,0.054544,0.09885,0.111221,0.043084,0.059081,0.010015,0.056121,0.018999,0.009472,0.017906,0.072574
24.21875,1,0.045566,0.099706,0.112079,0.280057,0.106684,0.147787,0.088663,0.046179,0.265602,0.360254,0.207796,0.083493,0.307384,0.262139,0.346771,0.056445,0.05498,0.119302,0.12214,0.04953,0.062521,0.120063,0.119273,0.097639,0.090157,0.028194,0.061701,0.004406,0.019655,0.036897,0.049022
24.609375,1,0.041953,0.166337,0.058008,0.087538,0.054001,0.07757,0.040223,0.019566,0.272402,0.25667,0.22911,0.17283,0.286227,0.189252,0.188891,0.048833,0.039663,0.037664,0.042299,0.058811,0.049032,0.046501,0.03643,0.054731,0.037966,0.044156,0.049027,0.005295,0.026008,0.048558,0.069776
25,1,0.043757,0.182583,0.189172,0.042293,0.005462,0.199462,0.169239,0.072489,0.12378,0.255193,0.349319,0.084276,0.102747,0.261392,0.150961,0.149555,0.130264,0.10327,0.156386,0.142658,0.108608,0.149247,0.166927,0.080734,0.083524,0.034838,0.116746,0.013439,0.036692,0.05028,0.141122
25.390625,1,0.011452,0.058817,0.036633,0.006787,0.040018,0.104312,0.162442,0.014789,0.023093,0.165388,0.150423,0.0641,0.036411,0.215363,0.132653,0.140808,0.103335,0.023724,0.040776,0.092692,0.077064,0.082512,0.073699,0.071416,0.069535,0.090378,0.106193,0.031464,0.095669,0.083565,0.123553
25.78125,1,0.042615,0.240222,0.132782,0.023946,0.037568,0.287302,0.207063,0.048061,0.068296,0.142809,0.294145,0.047316,0.14029,0.214833,0.337106,0.062561,0.078198,0.042255,0.109229,0.050898,0.06961,0.085538,0.123768,0.070616,0.084105,0.023267,0.074994,0.017004,0.032596,0.043796,0.089366
26.171875,1,0.022569,0.210107,0.091797,0.021345,0.067724,0.205944,0.118426,0.059014,0.100731,0.206531,0.356061,0.02525,0.138871,0.26027,0.287735,0.029775,0.032943,0.032053,0.042034,0.0408,0.038889,0.034823,0.056714,0.044334,0.051069,0.012302,0.038576,0.002942,0.011405,0.015659,0.064575
26.5625,1,0.017747,0.35157,0.200508,0.020948,0.056027,0.350879,0.232975,0.115511,0.160101,0.191189,0.300712,0.013273,0.093929,0.308832,0.333418,0.106399,0.093354,0.063127,0.077716,0.078047,0.095048,0.087381,0.086253,0.091176,0.08835,0.050824,0.086031,0.018732,0.054785,0.058287,0.086975
26.953125,1,0.02992,0.199693,0.137226,0.064313,0.07487,0.306942,0.270775,0.067901,0.104827,0.301252,0.347579,0.017552,0.015569,0.283719,0.378545,0.096552,0.081898,0.019125,0.006533,0.078625,0.088502,0.03953,0.019453,0.090769,0.060925,0.127491,0.091132,0.126403,0.130485,0.116111,0.102195
27.34375,1,0.067498,0.385779,0.325164,0.248047,0.206442,0.450294,0.376929,0.035646,0.037642,0.086363,0.370057,0.001919,0.046562,0.236311,0.246388,0.08799,0.122398,0.013801,0.012177,0.068017,0.079061,0.037153,0.029516,0.086584,0.048903,0.11009,0.111153,0.071879,0.11633,0.120199,0.108291
27.734375,1,0.076126,0.247361,0.198489,0.069354,0.02494,0.273253,0.257555,0.145718,0.03101,0.087604,0.283555,0.073669,0.102294,0.30187,0.264562,0.087681,0.085635,0.008879,0.048978,0.081048,0.082707,0.047558,0.070456,0.078431,0.05815,0.072323,0.102847,0.016149,0.070903,0.07771,0.132799
28.125,1,0.22189,0.269755,0.214447,0.064541,0.104354,0.34194,0.287177,0.135945,0.030166,0.097063,0.490924,0.043887,0.17961,0.223775,0.231364,0.112925,0.107988,0.040714,0.089033,0.107149,0.099134,0.079483,0.109507,0.042658,0.020243,0.047673,0.091374,0.020237,0.047137,0.043582,0.104148
28.515625,1,0.135574,0.269352,0.214404,0.077323,0.03457,0.271469,0.335903,0.034028,0.084391,0.152153,0.374304,0.04095,0.072931,0.296163,0.340082,0.185185,0.158864,0.170013,0.145129,0.19373,0.173673,0.21571,0.160392,0.175157,0.199398,0.159074,0.196903,0.040901,0.135094,0.188596,0.217741
28.90625,1,0.034267,0.38363,0.361443,0.284018,0.059767,0.372204,0.337749,0.050841,0.139095,0.156571,0.463853,0.012511,0.097271,0.310339,0.259725,0.036497,0.040861,0.127623,0.048441,0.031701,0.021277,0.029265,0.035736,0.01478,0.040804,0.027548,0.023824,0.019643,0.029901,0.029663,0.039928
29.296875,1,0.032064,0.233802,0.144053,0.063475,0.008662,0.252748,0.223878,0.025458,0.164053,0.123931,0.29579,0.02558,0.289427,0.320592,0.199922,0.091414,0.084424,0.045546,0.002356,0.134175,0.112405,0.028324,0.035903,0.036275,0.015976,0.130638,0.095995,0.139302,0.167046,0.112919,0.144217
29.6875,1,0.054681,0.348898,0.370034,0.112643,0.01618,0.427502,0.374773,0.092893,0.015639,0.059945,0.302139,0.053719,0.147919,0.188154,0.184462,0.078685,0.064927,0.046881,0.141548,0.16682,0.1292,0.142455,0.255344,0.192116,0.120544,0.068293,0.139878,0.042669,0.073866,0.074917,0.154345
30.078125,1,0.009233,0.236831,0.167724,0.101138,0.026954,0.214654,0.250132,0.030875,0.078873,0.136037,0.134743,0.044307,0.225578,0.262044,0.189019,0.030284,0.030907,0.110399,0.142373,0.058745,0.026283,0.118192,0.207383,0.062734,0.044958,0.032179,0.058541,0.077848,0.043516,0.01994,0.046146
30.46875,1,0.015012,0.254561,0.119207,0.152461,0.031296,0.255185,0.178115,0.020157,0.120867,0.12725,0.282214,0.027898,0.274662,0.31749,0.217657,0.116367,0.121997,0.150169,0.132371,0.133207,0.136992,0.166483,0.144307,0.178312,0.154713,0.109729,0.131471,0.027158,0.111965,0.120268,0.127001
30.859375,1,0.045578,0.16294,0.080915,0.030661,0.035386,0.154234,0.129064,0.012565,0.055332,0.11897,0.153146,0.087281,0.186794,0.165143,0.15901,0.161211,0.142207,0.07453,0.11355,0.184542,0.157852,0.129115,0.146726,0.092483,0.05169,0.088432,0.130305,0.019042,0.099097,0.091874,0.176758
31.25,1,0.002616,0.146394,0.114382,0.164879,0.037153,0.117468,0.129401,0.020009,0.167771,0.263154,0.292165,0.245769,0.165774,0.352241,0.314784,0.151977,0.133616,0.073594,0.067821,0.147337,0.091064,0.102348,0.078622,0.05392,0.033818,0.065138,0.116597,0.034355,0.049284,0.086031,0.146327
31.640625,1,0.030072,0.209701,0.131588,0.065192,0.024142,0.18529,0.230673,0.025344,0.126792,0.153734,0.345901,0.065846,0.216529,0.237605,0.284984,0.292352,0.289873,0.062601,0.120393,0.237782,0.196935,0.171107,0.159724,0.094118,0.032623,0.199046,0.213416,0.163633,0.186439,0.208784,0.199402
32.03125,1,0.092082,0.404863,0.318541,0.085499,0.021827,0.548959,0.483004,0.121228,0.05047,0.04929,0.467071,0.091262,0.240237,0.207637,0.235575,0.164591,0.174465,0.086897,0.308182,0.181036,0.152575,0.268119,0.344057,0.150293,0.113132,0.046154,0.188185,0.008239,0.038414,0.081529,0.148017
32.421875,1,0.073605,0.428113,0.386174,0.236833,0.078479,0.513704,0.48709,0.254141,0.059397,0.1194,0.553766,0.020313,0.200764,0.38504,0.369384,0.143932,0.13354,0.147124,0.155812,0.171049,0.158292,0.185289,0.198485,0.155015,0.112711,0.113805,0.197451,0.032737,0.107574,0.131009,0.19851
32.8125,1,0.082384,0.403318,0.282075,0.075951,0.019208,0.403651,0.37935,0.171951,0.028618,0.087574,0.466309,0.003471,0.201926,0.346574,0.441748,0.124286,0.105791,0.131903,0.069194,0.113798,0.105891,0.089661,0.095436,0.075684,0.093431,0.115314,0.134091,0.070727,0.112434,0.121119,0.149469
33.203125,1,0.220913,0.415449,0.231738,0.079389,0.045386,0.349774,0.34061,0.162762,0.030158,0.071549,0.442896,0.041718,0.231192,0.312403,0.394108,0.105232,0.08826,0.103258,0.053273,0.109636,0.070712,0.04775,0.058452,0.06505,0.086757,0.10992,0.102419,0.081144,0.107851,0.118059,0.131829
33.59375,1,0.044133,0.362246,0.19453,0.20342,0.045013,0.39352,0.310314,0.095551,0.137201,0.272993,0.43769,0.13707,0.246042,0.284315,0.252189,0.184041,0.175333,0.101463,0.069796,0.184483,0.142304,0.134796,0.134283,0.125565,0.096655,0.153847,0.17844,0.056773,0.159801,0.166817,0.200291
33.984375,1,0.158472,0.534217,0.46746,0.317182,0.037774,0.589159,0.447047,0.135341,0.052014,0.091171,0.589298,0.033932,0.336228,0.155541,0.367209,0.188932,0.174263,0.123663,0.176184,0.198506,0.1673,0.190984,0.207587,0.132228,0.150969,0.101999,0.219041,0.004097,0.085561,0.1379,0.215375
34.375,1,0.042573,0.398677,0.389965,0.120185,0.026051,0.36624,0.341876,0.102448,0.036324,0.063495,0.487899,0.104266,0.197202,0.219505,0.164609,0.225589,0.191534,0.099941,0.154906,0.257498,0.20365,0.203409,0.228881,0.125658,0.118741,0.175759,0.253674,0.024758,0.136663,0.208854,0.272198
34.765625,1,0.110087,0.387732,0.443317,0.150447,0.160696,0.409368,0.375928,0.159985,0.011664,0.051577,0.534043,0.131817,0.137104,0.184187,0.270818,0.32409,0.306005,0.082882,0.282813,0.380684,0.3435,0.318699,0.355318,0.304046,0.347507,0.297269,0.372262,0.088994,0.287866,0.316028,0.371863
35.15625,1,0.082408,0.413698,0.295537,0.31,0.003904,0.395285,0.380674,0.246909,0.110463,0.216355,0.48513,0.04346,0.053464,0.455312,0.49384,0.297106,0.333517,0.076562,0.146305,0.303367,0.287508,0.184123,0.241281,0.142864,0.120134,0.258929,0.295289,0.162849,0.284194,0.264344,0.339957
35.546875,1,0.018555,0.359727,0.290922,0.15086,0.035099,0.333485,0.350548,0.103394,0.081468,0.181878,0.348468,0.025733,0.13753,0.249336,0.26921,0.259773,0.267177,0.061015,0.119494,0.248388,0.226313,0.159757,0.187764,0.155484,0.121105,0.256648,0.285667,0.069232,0.235859,0.273778,0.310274
35.9375,1,0.065084,0.355091,0.302785,0.167196,0.083783,0.325325,0.382662,0.112478,0.152414,0.153503,0.352993,0.139262,0.113771,0.116473,0.193977,0.306221,0.324953,0.077532,0.146079,0.287514,0.280424,0.196714,0.194649,0.186033,0.152343,0.29593,0.292548,0.141918,0.283847,0.292516,0.297851
36.328125,1,0.093568,0.355219,0.227259,0.066168,0.018338,0.34663,0.294953,0.109949,0.027206,0.119711,0.447822,0.065713,0.157869,0.15625,0.425612,0.372682,0.365119,0.107501,0.228056,0.33395,0.327193,0.28976,0.330052,0.279492,0.26264,0.301845,0.34508,0.157584,0.304116,0.310482,0.340216
36.71875,1,0.145124,0.548178,0.448304,0.117259,0.006053,0.534647,0.512448,0.294481,0.017325,0.051135,0.621459,0.061677,0.191601,0.21402,0.481904,0.43156,0.395015,0.130929,0.260307,0.39942,0.408462,0.351678,0.359874,0.396667,0.365128,0.397723,0.442393,0.115476,0.393699,0.42752,0.452584
37.109375,1,0.130244,0.473116,0.435885,0.125807,0.058581,0.520899,0.461435,0.235513,0.008035,0.143871,0.549557,0.097905,0.173325,0.158204,0.426157,0.446748,0.439194,0.074926,0.287905,0.433002,0.438508,0.354974,0.392828,0.334397,0.279777,0.423049,0.422053,0.215629,0.426579,0.421952,0.427284
37.5,1,0.099641,0.458179,0.37164,0.164218,0.046831,0.479469,0.472973,0.239227,0.040166,0.147166,0.535445,0.086973,0.127475,0.225355,0.541676,0.420711,0.411997,0.084711,0.198496,0.385025,0.367878,0.282021,0.296693,0.275118,0.193615,0.391681,0.395669,0.165798,0.378217,0.38178,0.428551
37.890625,1,0.266224,0.677971,0.562612,0.216766,0.064357,0.709143,0.64082,0.43636,0.133233,0.030455,0.639743,0.237415,0.344122,0.188864,0.504577,0.496488,0.48098,0.136178,0.300077,0.478064,0.456857,0.375546,0.393733,0.324887,0.276254,0.454924,0.468905,0.321988,0.459516,0.448534,0.484704
38.28125,1,0.034051,0.535147,0.45815,0.293392,0.115048,0.676627,0.665276,0.366214,0.030748,0.072758,0.525064,0.047341,0.216109,0.248071,0.36672,0.380768,0.413657,0.118419,0.264236,0.295945,0.333915,0.275177,0.343547,0.231942,0.226069,0.294022,0.356501,0.065327,0.291685,0.320244,0.380838
38.671875,1,0.178237,0.579212,0.450009,0.173977,0.10422,0.643717,0.62682,0.317927,0.00764,0.077723,0.476424,0.189087,0.181084,0.181746,0.285761,0.29824,0.311713,0.043409,0.234348,0.275584,0.246105,0.241418,0.306405,0.164444,0.195032,0.22377,0.282824,0.041793,0.223311,0.24535,0.313556
39.0625,1,0.160365,0.547916,0.489101,0.126566,0.176303,0.509371,0.492634,0.27698,0.044656,0.045122,0.513732,0.163001,0.124522,0.088109,0.399662,0.30298,0.311701,0.028879,0.178237,0.279551,0.3114,0.233514,0.268114,0.257345,0.227962,0.305899,0.316713,0.119545,0.32957,0.322404,0.345111
39.453125,1,0.12289,0.556818,0.454573,0.132008,0.06685,0.649982,0.624618,0.487013,0.037342,0.142534,0.539328,0.088568,0.200213,0.058987,0.376186,0.528638,0.5269,0.050712,0.356961,0.498517,0.488299,0.441267,0.485675,0.422268,0.374467,0.465382,0.532815,0.205268,0.454142,0.502095,0.523871
39.84375,1,0.104581,0.493465,0.435434,0.171428,0.05028,0.546455,0.503998,0.430781,0.049104,0.164632,0.582747,0.109049,0.212498,0.319882,0.458324,0.543862,0.52355,0.060461,0.285512,0.528257,0.485588,0.428873,0.416229,0.396401,0.314199,0.494896,0.531224,0.245921,0.472557,0.52708,0.536985
40.234375,1,0.232427,0.416578,0.382683,0.153465,0.141449,0.391138,0.388668,0.229449,0.024802,0.170296,0.409206,0.08158,0.156974,0.204891,0.464138,0.577968,0.561034,0.174116,0.390964,0.529449,0.494731,0.457175,0.464121,0.319378,0.272445,0.487791,0.493833,0.340233,0.511886,0.488177,0.511321
40.625,1,0.222089,0.605464,0.501958,0.143665,0.056951,0.574628,0.604965,0.435552,0.029002,0.135043,0.611025,0.165267,0.096748,0.331397,0.519495,0.490165,0.484795,0.205027,0.388255,0.47331,0.438943,0.436325,0.470504,0.357222,0.395254,0.4463,0.501091,0.156104,0.447816,0.480712,0.496668
41.015625,1,0.19652,0.624519,0.512577,0.268689,0.046288,0.656541,0.615367,0.399218,0.012019,0.106751,0.666375,0.050482,0.209193,0.306273,0.405265,0.450922,0.462362,0.099814,0.253367,0.419825,0.380639,0.344556,0.381416,0.238467,0.20386,0.430933,0.441362,0.251855,0.431785,0.448092,0.440359
41.40625,1,0.093987,0.483619,0.446471,0.183072,0.023449,0.569452,0.535257,0.335809,0.063615,0.1296,0.522245,0.133188,0.087066,0.202855,0.385805,0.409158,0.410106,0.102082,0.251871,0.3569,0.314106,0.294196,0.337845,0.172888,0.177303,0.321092,0.384126,0.075827,0.297828,0.342743,0.401971
41.796875,1,0.062219,0.458593,0.395713,0.207078,0.057966,0.498445,0.427219,0.261633,0.049344,0.102698,0.559101,0.136424,0.120997,0.209524,0.371659,0.264348,0.266863,0.044484,0.152789,0.202681,0.187551,0.173361,0.22118,0.097603,0.138847,0.201176,0.242677,0.022284,0.181397,0.209268,0.272353
42.1875,1,0.211338,0.468456,0.390948,0.171069,0.09781,0.461565,0.39775,0.186188,0.102805,0.094372,0.576895,0.110499,0.074011,0.266509,0.495931,0.381136,0.36188,0.013248,0.201349,0.282143,0.297343,0.233315,0.248855,0.182028,0.181734,0.340187,0.328093,0.072463,0.286695,0.354997,0.374801
42.578125,1,0.196623,0.612209,0.557242,0.127579,0.023389,0.574907,0.544077,0.344438,0.056052,0.038847,0.667373,0.119877,0.111928,0.18255,0.405166,0.449787,0.433393,0.048491,0.327482,0.395257,0.432274,0.360149,0.405889,0.340337,0.34721,0.447198,0.454528,0.083245,0.399179,0.465936,0.475546
42.96875,1,0.163457,0.687702,0.613838,0.21801,0.041256,0.663319,0.611233,0.421874,0.022694,0.106097,0.748143,0.215824,0.26793,0.3493,0.509529,0.641889,0.630011,0.103911,0.470518,0.610108,0.606861,0.485943,0.555576,0.401954,0.359862,0.609492,0.582706,0.254875,0.615779,0.588358,0.605464
43.359375,1,0.276403,0.538118,0.406379,0.179631,0.043093,0.521182,0.539519,0.304059,0.043023,0.177654,0.636779,0.110154,0.268122,0.385089,0.416422,0.394682,0.380309,0.045688,0.348015,0.409825,0.358457,0.365767,0.411947,0.369847,0.339042,0.397015,0.423805,0.063282,0.365352,0.396436,0.436074
43.75,1,0.297499,0.548911,0.4667,0.207771,0.071107,0.532597,0.53013,0.259069,0.02386,0.209847,0.643972,0.100021,0.236918,0.37604,0.514132,0.301935,0.286422,0.057237,0.333273,0.338233,0.345784,0.312321,0.368774,0.408255,0.397353,0.350332,0.380456,0.107487,0.324942,0.353861,0.3934
44.140625,1,0.346901,0.610295,0.518198,0.33475,0.186456,0.610684,0.611339,0.359955,0.057869,0.157338,0.630798,0.058996,0.125939,0.382301,0.498941,0.5352,0.520535,0.14917,0.406905,0.532255,0.524719,0.456513,0.488603,0.45409,0.432988,0.54258,0.556928,0.164371,0.515907,0.551048,0.574973
44.53125,1,0.299877,0.610883,0.516961,0.327974,0.059097,0.668154,0.699116,0.398223,0.04014,0.023367,0.626921,0.114675,0.17123,0.295066,0.487928,0.566502,0.541765,0.243756,0.451455,0.578366,0.551238,0.541055,0.541664,0.547431,0.522082,0.577949,0.600742,0.094021,0.528817,0.596122,0.601578
44.921875,1,0.00009048824,0.548783,0.459557,0.248084,0.068861,0.562823,0.548908,0.308826,0.033637,0.022412,0.608768,0.078424,0.026173,0.168775,0.341039,0.347609,0.368572,0.15691,0.269441,0.315007,0.365028,0.354114,0.335844,0.313173,0.312485,0.338509,0.384635,0.069834,0.291309,0.368317,0.377399
45.3125,1,0.161549,0.594057,0.422456,0.24816,0.147116,0.624864,0.578841,0.354196,0.052492,0.132737,0.737506,0.185706,0.154453,0.306539,0.53448,0.570252,0.544432,0.172987,0.469637,0.562173,0.538939,0.520426,0.550538,0.540736,0.474885,0.574597,0.582863,0.124481,0.521378,0.573969,0.589534
45.703125,1,0.207424,0.587494,0.415479,0.149097,0.142501,0.589194,0.475585,0.299223,0.028314,0.040387,0.580731,0.156881,0.271441,0.148688,0.409026,0.471405,0.479174,0.273999,0.495601,0.448053,0.414459,0.48619,0.53221,0.412068,0.380958,0.37086,0.458021,0.055285,0.322908,0.423516,0.463449
46.09375,1,0.163209,0.679067,0.564258,0.427868,0.231765,0.662509,0.648878,0.50549,0.009884,0.219102,0.736982,0.146049,0.256445,0.24489,0.587177,0.636842,0.657344,0.430149,0.614059,0.605942,0.601944,0.603418,0.639604,0.555929,0.527193,0.605282,0.622229,0.155017,0.572941,0.61003,0.623647
46.484375,1,0.164033,0.550745,0.481998,0.372769,0.140094,0.55494,0.585647,0.332761,0.019767,0.246365,0.584373,0.106018,0.244986,0.224646,0.417664,0.55932,0.582376,0.174389,0.403474,0.556304,0.532179,0.484774,0.486272,0.383413,0.316577,0.546459,0.52639,0.210634,0.542856,0.536978,0.527593
46.875,1,0.255385,0.560076,0.407991,0.15838,0.179989,0.54644,0.505862,0.332644,0.067324,0.166598,0.583175,0.074635,0.121226,0.273849,0.340742,0.541089,0.567008,0.139502,0.38025,0.551365,0.52198,0.423627,0.451117,0.393853,0.345937,0.539755,0.537033,0.224803,0.54217,0.553693,0.571758
47.265625,1,0.085037,0.537702,0.431566,0.206897,0.110506,0.538872,0.572721,0.36335,0.026593,0.110314,0.52952,0.197181,0.174363,0.242705,0.39958,0.591527,0.587763,0.103349,0.347016,0.517086,0.519058,0.394227,0.431931,0.315836,0.288976,0.551765,0.508398,0.299002,0.55493,0.534719,0.521638
47.65625,1,0.171515,0.602955,0.466084,0.22826,0.114449,0.615382,0.645533,0.354881,0.004304,0.22398,0.653441,0.324255,0.292135,0.409097,0.570382,0.578503,0.535717,0.16178,0.362263,0.540898,0.499197,0.404561,0.460025,0.310915,0.264857,0.54299,0.532786,0.166302,0.515041,0.534216,0.576224
48.046875,1,0.168676,0.612536,0.553399,0.231545,0.092347,0.625483,0.639206,0.464715,0.019485,0.120214,0.669665,0.107857,0.210056,0.375208,0.490925,0.549666,0.526193,0.20727,0.457544,0.540021,0.503382,0.484886,0.497554,0.371908,0.420824,0.509849,0.520297,0.14197,0.479501,0.517222,0.541228
48.4375,1,0.262069,0.556667,0.51598,0.165036,0.063676,0.569061,0.573876,0.341794,0.010573,0.073435,0.613315,0.07667,0.22162,0.368406,0.489588,0.462795,0.485266,0.192404,0.360592,0.445012,0.446699,0.389221,0.4257,0.300422,0.322254,0.446005,0.450998,0.096882,0.431801,0.460641,0.46748
48.828125,1,0.09821,0.453791,0.424996,0.16003,0.078598,0.537065,0.569136,0.282171,0.037407,0.076824,0.527865,0.075691,0.127284,0.406738,0.341352,0.431433,0.419645,0.154779,0.291108,0.362427,0.355373,0.318259,0.337415,0.268554,0.268648,0.408601,0.405754,0.103375,0.407121,0.408469,0.424251
49.21875,1,0.196726,0.673707,0.50216,0.312189,0.075285,0.646674,0.658548,0.459638,0.026896,0.20403,0.721208,0.136223,0.116167,0.430432,0.643415,0.58026,0.574188,0.159837,0.410604,0.488349,0.494661,0.450112,0.503723,0.350067,0.36677,0.506696,0.554751,0.150216,0.504005,0.52665,0.558311
49.609375,1,0.142351,0.688859,0.572547,0.349111,0.054738,0.666136,0.671891,0.504557,0.022693,0.141249,0.732535,0.093767,0.190544,0.297362,0.559493,0.578878,0.585031,0.096761,0.378421,0.510269,0.534031,0.457858,0.500107,0.444065,0.437255,0.597233,0.579203,0.252498,0.60671,0.589298,0.587534
50,1,0.114289,0.667336,0.537328,0.258287,0.026871,0.648298,0.573221,0.364498,0.028153,0.127192,0.706744,0.159177,0.119866,0.339531,0.515344,0.391162,0.405703,0.049031,0.282966,0.339821,0.375355,0.290573,0.332828,0.300014,0.317161,0.42581,0.384739,0.147856,0.427018,0.406093,0.407509
50.390625,1,0.134173,0.671049,0.5701,0.293657,0.079085,0.707453,0.652688,0.500574,0.014502,0.195079,0.688531,0.187364,0.152581,0.424481,0.62079,0.625288,0.613314,0.219644,0.528196,0.592115,0.60331,0.563357,0.588803,0.494237,0.468362,0.599316,0.629842,0.334303,0.58045,0.611709,0.616612
50.78125,1,0.206925,0.694571,0.595861,0.347845,0.228274,0.696299,0.648032,0.497441,0.000986,0.058815,0.710108,0.060582,0.336368,0.317356,0.556689,0.601155,0.63509,0.122269,0.46194,0.555821,0.570149,0.496677,0.566279,0.444892,0.431839,0.605993,0.632853,0.218162,0.576733,0.608285,0.642386
51.171875,1,0.336783,0.721641,0.626241,0.305638,0.323646,0.705376,0.60839,0.442185,0.17879,0.080949,0.763849,0.304674,0.321212,0.298591,0.562539,0.617714,0.641668,0.17246,0.423494,0.563672,0.56835,0.526753,0.570602,0.394506,0.373315,0.590831,0.63092,0.235523,0.567311,0.605054,0.626647
51.5625,1,0.270224,0.667549,0.594627,0.206153,0.288767,0.675802,0.612868,0.413982,0.142563,0.089015,0.714391,0.28947,0.480824,0.256786,0.478651,0.531968,0.554498,0.060767,0.337192,0.43304,0.437536,0.409695,0.458655,0.274767,0.294503,0.472656,0.500821,0.1652,0.472805,0.476408,0.505849
51.953125,1,0.259127,0.633839,0.614523,0.381369,0.220724,0.700818,0.699653,0.340357,0.023009,0.161943,0.656956,0.254681,0.361922,0.462765,0.524917,0.423811,0.448434,0.071728,0.163598,0.275658,0.287587,0.215643,0.287284,0.189211,0.162144,0.388851,0.364806,0.205031,0.415487,0.351938,0.385884
52.34375,1,0.379873,0.673982,0.620035,0.307606,0.292129,0.672054,0.676696,0.501689,0.025103,0.307559,0.682868,0.34718,0.220392,0.354998,0.577781,0.492898,0.501406,0.088147,0.360206,0.443406,0.457948,0.411271,0.442253,0.424859,0.421022,0.519746,0.506765,0.178069,0.518599,0.505789,0.512354
52.734375,1,0.239278,0.670894,0.561745,0.341844,0.25263,0.674078,0.671176,0.541904,0.064383,0.258537,0.620445,0.371479,0.286285,0.37765,0.496562,0.506696,0.540039,0.065355,0.263956,0.418391,0.448262,0.341859,0.397505,0.324787,0.340658,0.546522,0.490981,0.256286,0.557121,0.517842,0.500086
53.125,1,0.3915,0.77287,0.674881,0.504199,0.278456,0.785678,0.791898,0.66446,0.108532,0.224321,0.771697,0.362995,0.256898,0.482926,0.636672,0.648122,0.666091,0.108131,0.415126,0.55724,0.575395,0.490932,0.549193,0.484455,0.457125,0.672757,0.640321,0.44718,0.683952,0.661877,0.655417
53.515625,1,0.389167,0.733498,0.610559,0.474025,0.288508,0.74348,0.747911,0.54451,0.113402,0.137572,0.777549,0.218198,0.343056,0.459521,0.566681,0.68234,0.691797,0.05434,0.406706,0.583982,0.606767,0.503817,0.558451,0.425124,0.38971,0.669251,0.632555,0.390092,0.687505,0.654269,0.653685
53.90625,1,0.301868,0.706956,0.578807,0.334686,0.279989,0.718107,0.731238,0.656395,0.071106,0.200149,0.783266,0.269189,0.398179,0.442241,0.60107,0.737976,0.76145,0.103413,0.47925,0.63997,0.675754,0.558907,0.618261,0.532549,0.519982,0.760865,0.709847,0.315785,0.742301,0.733368,0.73421
54.296875,1,0.344885,0.712793,0.604452,0.240036,0.241613,0.72521,0.734703,0.595176,0.119478,0.206123,0.756169,0.258193,0.380453,0.395825,0.634571,0.689362,0.694062,0.053854,0.441517,0.615841,0.620019,0.519557,0.60377,0.474565,0.471477,0.717315,0.674752,0.271854,0.688131,0.690834,0.695173
54.6875,1,0.501992,0.771305,0.755393,0.423793,0.40804,0.782938,0.800574,0.630186,0.085603,0.184404,0.788506,0.341679,0.288292,0.491697,0.69279,0.708398,0.713405,0.120969,0.611641,0.656197,0.645779,0.644158,0.705705,0.555511,0.515585,0.656205,0.693476,0.243981,0.63033,0.673779,0.674689
55.078125,1,0.26487,0.664241,0.624952,0.341653,0.169074,0.671423,0.633641,0.483398,0.054704,0.176639,0.687892,0.237904,0.166108,0.2811,0.586022,0.467697,0.479587,0.040178,0.283108,0.37368,0.388512,0.343078,0.39771,0.292323,0.304802,0.440362,0.46564,0.101045,0.410331,0.451067,0.473361
55.46875,1,0.252867,0.673458,0.599532,0.299302,0.244003,0.686428,0.7104,0.504964,0.118842,0.211062,0.690987,0.277528,0.314829,0.291394,0.495069,0.48636,0.491427,0.063001,0.286319,0.391058,0.391162,0.34412,0.401877,0.266624,0.269799,0.459336,0.453645,0.071697,0.414004,0.456687,0.467983
55.859375,1,0.316496,0.767943,0.758741,0.409858,0.17177,0.775285,0.80446,0.605202,0.035364,0.2017,0.795798,0.305348,0.290636,0.475602,0.665026,0.491331,0.506918,0.043877,0.271183,0.413435,0.401481,0.350097,0.423531,0.298237,0.298672,0.465399,0.483429,0.217752,0.450913,0.482978,0.490241
56.25,1,0.397708,0.813808,0.748091,0.46223,0.354029,0.79532,0.777763,0.674239,0.195633,0.135728,0.800274,0.353267,0.227744,0.280083,0.64681,0.65472,0.667742,0.100293,0.426864,0.564101,0.587469,0.502261,0.571588,0.475689,0.46866,0.64591,0.653276,0.238746,0.617435,0.655091,0.668455
56.640625,1,0.409154,0.749265,0.619824,0.390437,0.326624,0.76478,0.735593,0.576846,0.188513,0.082995,0.684962,0.222394,0.301786,0.408356,0.55755,0.67283,0.688709,0.272057,0.528091,0.593339,0.624305,0.575691,0.625104,0.516973,0.529182,0.646278,0.667153,0.158953,0.596757,0.660236,0.677107
57.03125,1,0.360906,0.772715,0.710401,0.289485,0.307699,0.785985,0.785223,0.634253,0.223022,0.008067,0.746797,0.321476,0.405512,0.276476,0.547665,0.652741,0.681449,0.239967,0.450916,0.552242,0.568519,0.508975,0.578643,0.432479,0.418822,0.639222,0.627376,0.362666,0.620282,0.641599,0.65223
57.421875,1,0.340496,0.675042,0.669967,0.437861,0.248857,0.737507,0.717321,0.485619,0.008341,0.258567,0.753055,0.388525,0.430946,0.419689,0.670274,0.626616,0.639848,0.149892,0.407075,0.512982,0.508918,0.447554,0.515911,0.384766,0.398619,0.618091,0.57824,0.211859,0.593994,0.595735,0.617267
57.8125,1,0.210455,0.854785,0.788229,0.514533,0.263346,0.842904,0.813672,0.620569,0.084904,0.225341,0.844076,0.342052,0.371606,0.453883,0.686007,0.726394,0.731232,0.10504,0.449457,0.650274,0.668376,0.523825,0.599471,0.543389,0.503791,0.757751,0.715199,0.238146,0.730781,0.74082,0.753177
58.203125,1,0.264991,0.65253,0.570517,0.28564,0.238335,0.670919,0.662456,0.545724,0.068753,0.188943,0.756373,0.248391,0.335107,0.44525,0.55701,0.688074,0.705191,0.120798,0.342658,0.534414,0.587262,0.440726,0.511797,0.411532,0.38436,0.707108,0.630139,0.337812,0.723179,0.670644,0.66658
58.59375,1,0.16459,0.598438,0.632039,0.196219,0.281823,0.645304,0.596241,0.412534,0.122772,0.113804,0.564242,0.208242,0.322947,0.323669,0.427445,0.576398,0.593489,0.147793,0.317991,0.400384,0.427864,0.397202,0.436777,0.278876,0.307672,0.521948,0.476983,0.226336,0.521198,0.492197,0.484593
58.984375,1,0.255794,0.769175,0.675376,0.163869,0.272325,0.731942,0.724669,0.547823,0.298892,0.068735,0.663508,0.40245,0.387778,0.284259,0.510922,0.558884,0.593518,0.1991,0.284699,0.423896,0.433634,0.360128,0.412876,0.25214,0.313714,0.545674,0.493511,0.237161,0.556305,0.519244,0.533333
59.375,1,0.360765,0.795259,0.758002,0.349635,0.455377,0.757356,0.768817,0.596005,0.118058,0.081211,0.72662,0.51891,0.429185,0.409225,0.498674,0.646287,0.679608,0.136893,0.382845,0.553608,0.563456,0.441316,0.516536,0.372206,0.361072,0.651666,0.609145,0.392668,0.668161,0.624929,0.649041
59.765625,1,0.198895,0.63999,0.604277,0.325279,0.24147,0.716434,0.697409,0.582299,0.113204,0.227512,0.645578,0.293739,0.411762,0.133292,0.1577,0.576233,0.619108,0.191773,0.36838,0.510366,0.535621,0.419255,0.478691,0.375279,0.342482,0.60655,0.561911,0.272564,0.64131,0.586214,0.585989
60.15625,1,0.278215,0.704308,0.618326,0.311691,0.291584,0.783358,0.723556,0.642243,0.060015,0.132945,0.77375,0.274419,0.287935,0.035096,0.143573,0.427154,0.460986,0.236106,0.336234,0.393494,0.421736,0.37434,0.40944,0.361522,0.333691,0.470259,0.458492,0.10877,0.47626,0.45423,0.469899
60.546875,1,0.129053,0.657406,0.565203,0.284711,0.193479,0.659782,0.610813,0.54581,0.051767,0.064381,0.75717,0.301113,0.175471,0.24825,0.515053,0.59159,0.646592,0.226712,0.366966,0.495438,0.520298,0.404248,0.467232,0.355659,0.364636,0.607594,0.556996,0.250991,0.622409,0.573164,0.592311
60.9375,1,0.056224,0.648942,0.591924,0.285096,0.168605,0.671672,0.640342,0.458214,0.037387,0.111882,0.727607,0.162811,0.182981,0.320634,0.5563,0.591739,0.620007,0.196818,0.353259,0.48605,0.493048,0.383166,0.459667,0.34171,0.356364,0.596952,0.554874,0.189784,0.61181,0.545912,0.572332
61.328125,1,0.075427,0.711588,0.57859,0.37972,0.109704,0.753574,0.744449,0.462605,0.115562,0.074758,0.689061,0.268045,0.241522,0.210902,0.392119,0.496783,0.529999,0.187847,0.349549,0.38023,0.395271,0.363355,0.421457,0.304475,0.316588,0.466126,0.463149,0.12131,0.464965,0.441152,0.473794
61.71875,1,0.084591,0.661754,0.600294,0.411523,0.107,0.692489,0.620826,0.494,0.037678,0.054942,0.703773,0.354962,0.15534,0.177805,0.479971,0.588625,0.578106,0.255031,0.440364,0.521423,0.540441,0.476227,0.525224,0.447028,0.427987,0.589452,0.568316,0.247707,0.571597,0.584221,0.597428
62.109375,1,0.192608,0.54028,0.478414,0.32822,0.093768,0.558481,0.56164,0.344801,0.015987,0.136711,0.621013,0.138116,0.14307,0.213501,0.570627,0.473159,0.50863,0.177105,0.307489,0.381755,0.429125,0.350495,0.395182,0.254884,0.264651,0.477744,0.428951,0.220337,0.485976,0.44591,0.451588
62.5,1,0.152591,0.724198,0.67336,0.348637,0.145378,0.725597,0.747389,0.611101,0.188439,0.102989,0.761594,0.387735,0.369916,0.332325,0.652177,0.632606,0.660091,0.37621,0.542094,0.551769,0.600804,0.55685,0.597045,0.496412,0.51219,0.625697,0.594217,0.246715,0.637604,0.598166,0.611017
62.890625,1,0.312073,0.657623,0.594779,0.434363,0.394006,0.638109,0.664492,0.492099,0.16487,0.092261,0.675514,0.31911,0.285942,0.274755,0.509226,0.560818,0.5831,0.290183,0.460894,0.462029,0.503426,0.479173,0.528527,0.429467,0.459113,0.544396,0.529169,0.243996,0.565916,0.529859,0.543051
63.28125,1,0.183338,0.616193,0.505329,0.35489,0.217138,0.62054,0.586629,0.378246,0.076909,0.194537,0.511064,0.176763,0.266171,0.31816,0.3795,0.55769,0.573297,0.251156,0.489601,0.503765,0.524253,0.511117,0.539144,0.454332,0.467285,0.559388,0.54566,0.197617,0.564854,0.541042,0.551871
63.671875,1,0.166158,0.680906,0.647648,0.374158,0.18724,0.626798,0.613205,0.412754,0.043677,0.077251,0.566836,0.195558,0.31128,0.36476,0.440446,0.577792,0.602962,0.327668,0.459367,0.491539,0.497396,0.489505,0.510975,0.408637,0.434462,0.56746,0.556605,0.314011,0.587927,0.540737,0.552851
64.0625,1,0.127054,0.657764,0.607027,0.297217,0.076608,0.648932,0.619293,0.393999,0.116303,0.047516,0.552212,0.293853,0.28519,0.312743,0.402544,0.540686,0.554153,0.180893,0.257806,0.403264,0.406443,0.317555,0.391723,0.238821,0.211428,0.51276,0.48764,0.31056,0.503726,0.500049,0.509638
64.453125,1,0.339123,0.605622,0.601218,0.231673,0.154276,0.65786,0.600351,0.395466,0.093771,0.050274,0.586133,0.33108,0.199038,0.112774,0.424689,0.429144,0.42821,0.060351,0.144208,0.275409,0.27306,0.228788,0.299365,0.197686,0.175014,0.402606,0.405037,0.218341,0.366327,0.410917,0.41172
64.84375,1,0.131166,0.568129,0.45039,0.111635,0.108578,0.541102,0.494605,0.375671,0.07695,0.05438,0.516526,0.17319,0.133713,0.145661,0.235914,0.491217,0.508474,0.066424,0.268633,0.362665,0.41023,0.327233,0.390801,0.277023,0.242176,0.483659,0.470592,0.205142,0.477076,0.477465,0.482409
65.234375,1,0.084718,0.586569,0.500428,0.197316,0.187782,0.57357,0.546876,0.454028,0.155616,0.124154,0.596731,0.17585,0.145873,0.16977,0.362681,0.584065,0.620466,0.061998,0.350575,0.456187,0.503969,0.392194,0.470189,0.281675,0.260494,0.53311,0.521676,0.125413,0.535493,0.538868,0.525147
65.625,1,0.240789,0.717995,0.725241,0.334606,0.267026,0.759967,0.751818,0.65268,0.098471,0.221964,0.724777,0.23203,0.231359,0.225206,0.532697,0.69152,0.719497,0.146691,0.472099,0.587323,0.628063,0.540358,0.624987,0.468852,0.450649,0.6836,0.66088,0.218499,0.645444,0.676887,0.68218
66.015625,1,0.196878,0.582406,0.47745,0.243157,0.113121,0.631577,0.629951,0.491819,0.055535,0.093942,0.543763,0.186641,0.139574,0.347896,0.52152,0.490564,0.520841,0.041343,0.225974,0.370625,0.384647,0.28818,0.355287,0.242541,0.205679,0.507154,0.404102,0.203541,0.524802,0.452444,0.432206
66.40625,1,0.122233,0.525772,0.432736,0.208852,0.010132,0.549091,0.516744,0.27389,0.111107,0.0541,0.431423,0.071224,0.22985,0.257372,0.415939,0.460968,0.4848,0.064558,0.152928,0.326451,0.309289,0.20659,0.269104,0.114703,0.097846,0.432962,0.356396,0.272982,0.466525,0.407069,0.400829
66.796875,1,0.060896,0.597001,0.583005,0.167687,0.056188,0.560405,0.57009,0.393331,0.05911,0.018673,0.520893,0.186559,0.065708,0.17814,0.386907,0.51738,0.528451,0.081979,0.293823,0.412705,0.408647,0.354577,0.38663,0.276805,0.314469,0.516609,0.473216,0.053589,0.503198,0.495556,0.511144
67.1875,1,0.072904,0.543349,0.533572,0.260302,0.131755,0.587486,0.606143,0.475317,0.012817,0.173324,0.562748,0.187461,0.103075,0.303986,0.452141,0.42815,0.445056,0.024594,0.21135,0.303454,0.321831,0.275329,0.334179,0.235775,0.308584,0.42849,0.411847,0.100805,0.42609,0.411184,0.437921
67.578125,1,0.053289,0.557177,0.552597,0.306731,0.125684,0.581496,0.542833,0.344029,0.024576,0.145777,0.494651,0.129439,0.018451,0.153712,0.465674,0.436282,0.466816,0.042259,0.230486,0.320107,0.322674,0.269941,0.32776,0.235586,0.208731,0.420454,0.37317,0.104503,0.434868,0.388227,0.3992
67.96875,1,0.076049,0.658973,0.520471,0.293652,0.152396,0.643332,0.623332,0.403659,0.056381,0.10936,0.643696,0.125869,0.082354,0.157281,0.502495,0.510413,0.53293,0.022234,0.245254,0.377895,0.354821,0.302632,0.374882,0.270832,0.272656,0.484938,0.449673,0.120125,0.517763,0.457985,0.486758
68.359375,1,0.339416,0.731916,0.632571,0.260677,0.419104,0.718096,0.678934,0.551906,0.242976,0.045135,0.602772,0.237021,0.252466,0.066339,0.438882,0.589548,0.624232,0.034778,0.303217,0.434206,0.409171,0.387821,0.476936,0.328411,0.324755,0.540943,0.534148,0.173614,0.553822,0.529178,0.542344
68.75,1,0.052946,0.631474,0.5439,0.18583,0.184248,0.631661,0.618548,0.425877,0.132576,0.05101,0.594364,0.117765,0.073856,0.110422,0.321162,0.527528,0.517917,0.118172,0.368219,0.423225,0.409276,0.410775,0.456488,0.301774,0.326683,0.478119,0.460309,0.152382,0.468284,0.472894,0.476303
69.140625,1,0.092703,0.72641,0.669586,0.349022,0.25717,0.767348,0.753204,0.560487,0.110605,0.105278,0.67476,0.347456,0.185486,0.197485,0.543491,0.626027,0.643053,0.045449,0.377656,0.530688,0.541557,0.448498,0.520272,0.355336,0.326413,0.573629,0.590226,0.243988,0.574751,0.584706,0.609178
69.53125,1,0.055935,0.420541,0.32225,0.131729,0.091714,0.469895,0.437864,0.228809,0.070359,0.043088,0.497939,0.155817,0.096192,0.19331,0.465864,0.331395,0.354515,0.003712,0.179054,0.296044,0.308904,0.226626,0.299802,0.210273,0.244444,0.354189,0.36185,0.06821,0.317015,0.358535,0.362279
69.921875,1,0.031173,0.494863,0.285348,0.213639,0.133628,0.519915,0.425635,0.244566,0.077694,0.16962,0.53703,0.167962,0.101468,0.20842,0.524683,0.416339,0.442456,0.028094,0.255244,0.343758,0.354719,0.293094,0.359592,0.262221,0.263925,0.404047,0.407749,0.079348,0.369436,0.430737,0.417219
70.3125,1,0.020399,0.403591,0.251608,0.094669,0.122422,0.454689,0.381025,0.247727,0.027637,0.028874,0.479165,0.102796,0.013505,0.14367,0.261231,0.445922,0.435331,0.134316,0.275749,0.340136,0.355351,0.345376,0.357144,0.314754,0.332949,0.440578,0.413425,0.063407,0.421957,0.43365,0.438886
70.703125,1,0.062798,0.518915,0.357418,0.191598,0.090952,0.493586,0.52091,0.25961,0.028668,0.057375,0.51834,0.123127,0.005985,0.114891,0.379483,0.493278,0.518209,0.107967,0.366286,0.45446,0.431694,0.407071,0.434847,0.339232,0.359691,0.490465,0.477624,0.088285,0.473544,0.479248,0.479587
71.09375,1,0.048277,0.547715,0.402844,0.145481,0.115847,0.52841,0.560259,0.220364,0.061496,0.056614,0.4904,0.118988,0.050182,0.032574,0.42072,0.400275,0.405332,0.160449,0.333014,0.332444,0.338426,0.337469,0.38795,0.278855,0.305741,0.344857,0.392481,0.014182,0.274892,0.380105,0.38441
71.484375,1,0.129116,0.610648,0.564402,0.210383,0.137623,0.551313,0.528803,0.418107,0.016634,0.059459,0.626709,0.186829,0.070949,0.073689,0.396043,0.566062,0.570338,0.15704,0.448929,0.484315,0.54058,0.488962,0.558139,0.477541,0.472009,0.565157,0.586221,0.004686,0.482352,0.57845,0.591216
71.875,1,0.056317,0.505834,0.434369,0.153197,0.079154,0.413916,0.429638,0.386379,0.014395,0.092491,0.385912,0.030166,0.04754,0.16086,0.236402,0.397148,0.380127,0.060378,0.313601,0.410397,0.436222,0.392393,0.440327,0.419092,0.451565,0.449667,0.494022,0.013228,0.383774,0.476717,0.489336
72.265625,1,0.039872,0.347109,0.195948,0.083457,0.051044,0.2833,0.312958,0.113787,0.065216,0.120303,0.344769,0.007887,0.144152,0.174072,0.196019,0.363846,0.354245,0.051147,0.136633,0.267139,0.251063,0.199565,0.207475,0.141608,0.140446,0.320606,0.295642,0.106415,0.343715,0.315241,0.321643
72.65625,1,0.018624,0.543671,0.339238,0.135788,0.029543,0.518807,0.45104,0.25988,0.056844,0.011187,0.516464,0.1051,0.028018,0.131104,0.444432,0.576471,0.573108,0.141319,0.394104,0.510595,0.51344,0.46594,0.478597,0.39694,0.331151,0.527642,0.542748,0.107683,0.492796,0.548446,0.530301
73.046875,1,0.00802,0.448669,0.433299,0.259112,0.109063,0.448154,0.429801,0.225317,0.005831,0.17091,0.527034,0.100845,0.029734,0.2412,0.481659,0.386441,0.403554,0.142336,0.276911,0.367723,0.378631,0.343423,0.352331,0.299801,0.319298,0.392152,0.41864,0.075308,0.353948,0.41,0.412048
73.4375,1,0.022568,0.302647,0.327676,0.093517,0.097226,0.347514,0.378573,0.144826,0.03436,0.10622,0.436007,0.041414,0.001787,0.194795,0.376347,0.302042,0.286774,0.198,0.325887,0.293279,0.314429,0.356269,0.348922,0.295648,0.332736,0.272181,0.328863,0.019273,0.203207,0.296964,0.322218
73.828125,1,0.023674,0.431324,0.341196,0.107986,0.047489,0.438653,0.419616,0.231338,0.023886,0.040459,0.434318,0.063025,0.063665,0.116457,0.301665,0.323344,0.295345,0.028778,0.146228,0.263096,0.240177,0.199924,0.24108,0.169785,0.133845,0.288348,0.306131,0.090447,0.261714,0.29606,0.321874
74.21875,1,0.045213,0.415731,0.312249,0.119974,0.075483,0.409066,0.438114,0.12234,0.031467,0.058038,0.320193,0.073424,0.023393,0.046745,0.274509,0.378712,0.340195,0.045999,0.184615,0.33854,0.286208,0.206734,0.26776,0.214592,0.104272,0.377056,0.341379,0.116324,0.340604,0.386548,0.387347
74.609375,1,0.028906,0.394735,0.269936,0.116653,0.081986,0.356933,0.347755,0.215431,0.057296,0.267582,0.548186,0.070099,0.043566,0.278001,0.395695,0.358257,0.343014,0.052388,0.261746,0.362977,0.354076,0.3082,0.32005,0.297067,0.216124,0.387303,0.363694,0.082242,0.347425,0.386213,0.372904
75,1,0.083844,0.414083,0.32908,0.184283,0.074212,0.430571,0.39733,0.314549,0.033333,0.201637,0.474269,0.203434,0.023338,0.211344,0.448238,0.372968,0.369539,0.052813,0.265669,0.355488,0.30401,0.293177,0.335818,0.275434,0.228743,0.371854,0.362699,0.041912,0.36637,0.353453,0.37307
75.390625,1,0.010314,0.376832,0.242498,0.10269,0.028976,0.375544,0.245752,0.138834,0.00778,0.201854,0.319739,0.061507,0.050111,0.222517,0.281437,0.275017,0.297994,0.042247,0.104143,0.171702,0.205578,0.127654,0.179498,0.084583,0.097356,0.260422,0.213781,0.078093,0.310317,0.214606,0.241845
75.78125,1,0.014094,0.421129,0.334847,0.179547,0.064042,0.395793,0.313772,0.227008,0.046917,0.168142,0.387103,0.106867,0.04513,0.18101,0.25379,0.27663,0.289192,0.219899,0.201246,0.19045,0.227007,0.194428,0.221165,0.189902,0.207795,0.277514,0.27764,0.106254,0.280339,0.278598,0.281782
76.171875,1,0.030106,0.43699,0.334018,0.101693,0.071562,0.350836,0.373899,0.161995,0.07332,0.089336,0.268866,0.118257,0.047095,0.118699,0.224864,0.191241,0.228133,0.050342,0.08066,0.112325,0.111279,0.097566,0.138941,0.08508,0.103603,0.180683,0.187449,0.033547,0.185818,0.184084,0.184878
76.5625,1,0.020406,0.420167,0.333267,0.062833,0.147273,0.32846,0.279232,0.164381,0.077744,0.024735,0.339861,0.112751,0.080444,0.087456,0.170385,0.151061,0.151273,0.014854,0.104926,0.168322,0.157265,0.130239,0.180177,0.146005,0.153264,0.171181,0.198994,0.085735,0.149154,0.179511,0.189803
76.953125,1,0.056289,0.483946,0.285072,0.218003,0.066473,0.336415,0.305028,0.206857,0.028769,0.152679,0.502951,0.073221,0.058767,0.224689,0.475404,0.312876,0.307379,0.01508,0.146171,0.221987,0.195472,0.167105,0.237646,0.1266,0.100263,0.240909,0.265959,0.039469,0.229134,0.252707,0.258114
77.34375,1,0.034579,0.433681,0.396975,0.248597,0.180354,0.39064,0.314234,0.167167,0.034632,0.156034,0.448889,0.139982,0.168513,0.249891,0.372087,0.384152,0.372796,0.012367,0.095207,0.199169,0.227122,0.139032,0.197371,0.143453,0.157526,0.367979,0.304184,0.0736,0.382134,0.351792,0.34167
77.734375,1,0.039348,0.320345,0.265953,0.059579,0.061269,0.350383,0.301599,0.132327,0.006075,0.068882,0.320653,0.101432,0.05462,0.101188,0.2591,0.326761,0.327663,0.05526,0.161398,0.230277,0.232314,0.164841,0.209603,0.14195,0.163774,0.288647,0.290478,0.054651,0.28149,0.292745,0.327637
78.125,1,0.034016,0.44653,0.326712,0.072577,0.151809,0.412689,0.368548,0.187965,0.025542,0.033792,0.38498,0.192126,0.125176,0.095995,0.344862,0.454798,0.458164,0.13085,0.28836,0.388001,0.35283,0.27529,0.344788,0.279147,0.217957,0.405535,0.429682,0.108781,0.39888,0.421473,0.447156
78.515625,1,0.03254,0.288291,0.292868,0.069344,0.044688,0.273306,0.27404,0.050991,0.022421,0.006408,0.283679,0.039225,0.075666,0.159431,0.172685,0.266351,0.30113,0.123167,0.165498,0.197703,0.203222,0.167007,0.183805,0.138295,0.174111,0.273931,0.269786,0.03681,0.25897,0.277945,0.293796
78.90625,1,0.050908,0.482644,0.495921,0.123106,0.095561,0.513316,0.368187,0.053848,0.096421,0.058392,0.198946,0.050094,0.143289,0.061219,0.067027,0.288537,0.312113,0.124523,0.155564,0.228357,0.238272,0.194887,0.207341,0.144604,0.164597,0.290053,0.294314,0.033778,0.270016,0.306181,0.286765
79.296875,1,0.088365,0.430565,0.346294,0.147618,0.124117,0.48923,0.478354,0.099794,0.018139,0.016743,0.276457,0.004477,0.076574,0.051809,0.093541,0.38995,0.387338,0.036763,0.208905,0.339488,0.338658,0.25701,0.303398,0.221072,0.196708,0.39739,0.369032,0.010273,0.364285,0.375312,0.368457
79.6875,1,0.021433,0.523941,0.373923,0.156473,0.026445,0.561715,0.585122,0.131206,0.063249,0.065162,0.448832,0.041074,0.052735,0.143105,0.251693,0.388778,0.408368,0.086857,0.204709,0.295988,0.3302,0.257172,0.287642,0.265937,0.238365,0.413029,0.36572,0.030766,0.400688,0.379849,0.39634
80.078125,1,0.013258,0.546361,0.470962,0.377382,0.049725,0.587129,0.558125,0.411479,0.00007533021,0.249928,0.573416,0.087836,0.041877,0.333764,0.415832,0.492217,0.514691,0.093115,0.335741,0.383669,0.440262,0.360188,0.443008,0.324437,0.381339,0.442159,0.490823,0.057534,0.432439,0.446106,0.510926
80.46875,1,0.052025,0.435357,0.363834,0.114318,0.154216,0.479371,0.481394,0.217079,0.005861,0.069127,0.49367,0.075103,0.020616,0.296489,0.225997,0.558632,0.561871,0.060859,0.316326,0.466357,0.485626,0.39313,0.446182,0.345026,0.346001,0.539289,0.533541,0.091079,0.493081,0.546928,0.571183
80.859375,1,0.083101,0.334746,0.266867,0.033209,0.228384,0.340185,0.326328,0.121231,0.009477,0.091341,0.322182,0.118529,0.0142,0.172465,0.13964,0.289554,0.28796,0.019503,0.203604,0.218316,0.238546,0.239038,0.269822,0.191909,0.225412,0.245867,0.291008,0.00806,0.156241,0.291902,0.302748
81.25,1,0.087545,0.374782,0.342228,0.059975,0.15385,0.362748,0.288851,0.113722,0.012332,0.063493,0.273641,0.046606,0.011047,0.045167,0.109277,0.331255,0.318353,0.091413,0.216776,0.231205,0.264188,0.215488,0.230631,0.175222,0.173872,0.300799,0.260277,0.030015,0.282241,0.301417,0.31468
81.640625,1,0.205082,0.40736,0.342149,0.197193,0.213415,0.48605,0.367536,0.13264,0.030962,0.122941,0.319109,0.02292,0.022333,0.0559,0.170815,0.306787,0.27992,0.073671,0.212428,0.286928,0.29863,0.250354,0.268518,0.242296,0.222642,0.322201,0.310332,0.097183,0.300475,0.328318,0.312401
82.03125,1,0.126603,0.275949,0.287054,0.143845,0.126551,0.228638,0.250148,0.068182,0.044526,0.162345,0.30614,0.012864,0.013624,0.17903,0.221264,0.050439,0.05664,0.015807,0.005153,0.045643,0.035967,0.017919,0.025217,0.019422,0.019004,0.079842,0.057349,0.012492,0.076993,0.076717,0.084816
82.421875,1,0.010985,0.353208,0.282149,0.253964,0.009139,0.379053,0.390695,0.074653,0.012771,0.0538,0.353193,0.032997,0.038509,0.113708,0.273566,0.306045,0.302597,0.058867,0.233631,0.376411,0.361908,0.272654,0.327864,0.31556,0.266931,0.385934,0.3754,0.067632,0.343543,0.394518,0.394333
82.8125,1,0.084462,0.373474,0.189412,0.238849,0.074579,0.374465,0.316471,0.140801,0.067882,0.061304,0.436792,0.044923,0.018804,0.185007,0.297428,0.26559,0.292126,0.046307,0.211397,0.326328,0.275345,0.232447,0.271238,0.237815,0.232611,0.315894,0.315538,0.057577,0.284117,0.323442,0.330275
83.203125,1,0.070938,0.327791,0.258537,0.062303,0.042179,0.382412,0.203371,0.10851,0.049507,0.173578,0.388083,0.02077,0.101727,0.244833,0.288093,0.195909,0.186609,0.096073,0.252774,0.245635,0.201052,0.246731,0.267192,0.192602,0.204394,0.165293,0.244866,0.036671,0.141522,0.214514,0.23214
83.59375,1,0.023821,0.269495,0.168665,0.042857,0.032906,0.303869,0.263277,0.090427,0.056007,0.064531,0.305238,0.026377,0.088952,0.117204,0.221915,0.170843,0.157649,0.028828,0.143534,0.256865,0.179052,0.163346,0.191905,0.128693,0.123109,0.187201,0.210397,0.011844,0.132357,0.223549,0.246007
83.984375,1,0.051363,0.313182,0.200941,0.094004,0.072134,0.414962,0.425712,0.190697,0.049951,0.052861,0.345859,0.059518,0.041131,0.179811,0.261419,0.310285,0.31015,0.058457,0.169367,0.276603,0.239733,0.210026,0.244581,0.158863,0.193455,0.289186,0.282005,0.023989,0.23675,0.295384,0.33131
84.375,1,0.085197,0.306183,0.236083,0.131725,0.059981,0.357514,0.33379,0.133232,0.029103,0.100165,0.376499,0.061952,0.014544,0.085829,0.239781,0.244881,0.260941,0.071468,0.127632,0.17318,0.175488,0.166763,0.181376,0.155981,0.161089,0.241119,0.256283,0.033151,0.226648,0.261882,0.275765
84.765625,1,0.076219,0.310846,0.30804,0.081073,0.104686,0.311965,0.256573,0.084792,0.043008,0.173429,0.357906,0.114962,0.040765,0.099783,0.294756,0.375193,0.354631,0.1189,0.329426,0.350259,0.334724,0.34454,0.377944,0.377696,0.340195,0.362729,0.402184,0.092407,0.312698,0.399109,0.378787
85.15625,1,0.015366,0.290748,0.315081,0.037091,0.087937,0.341531,0.289873,0.274813,0.023805,0.104858,0.459303,0.053898,0.021565,0.072277,0.328042,0.331487,0.346284,0.014187,0.200284,0.288718,0.309366,0.249403,0.302426,0.199723,0.225835,0.343494,0.373975,0.064132,0.324316,0.335152,0.35426
85.546875,1,0.029586,0.252064,0.151015,0.035128,0.017223,0.269299,0.197065,0.088498,0.024924,0.064831,0.266815,0.033338,0.07159,0.130995,0.231752,0.137258,0.131411,0.0321,0.021155,0.107385,0.087429,0.045049,0.056804,0.01499,0.020972,0.112649,0.13065,0.036603,0.08809,0.112125,0.122224
85.9375,1,0.004819,0.3024,0.22613,0.008122,0.047724,0.2006,0.152639,0.126502,0.005213,0.027996,0.263358,0.004329,0.052786,0.018662,0.321139,0.05513,0.054543,0.02872,0.01543,0.047751,0.051039,0.024926,0.054205,0.009539,0.018545,0.046182,0.069149,0.001648,0.039889,0.055205,0.072282
86.328125,1,0.066625,0.104042,0.087335,0.049044,0.195028,0.063684,0.064485,0.018705,0.027981,0.041821,0.08466,0.039945,0.018659,0.041106,0.150911,0.021467,0.029283,0.005972,0.015181,0.025152,0.023682,0.025997,0.039354,0.050817,0.067133,0.029772,0.068048,0.028633,0.010231,0.05443,0.078031
86.71875,1,0.014781,0.246843,0.192773,0.070029,0.076008,0.301734,0.274735,0.073939,0.051412,0.060444,0.142661,0.029796,0.066772,0.113577,0.085345,0.08247,0.072062,0.089208,0.06931,0.074781,0.096606,0.083056,0.115563,0.095727,0.127961,0.071812,0.131952,0.015009,0.060724,0.114261,0.131062
87.109375,1,0.015037,0.453502,0.301463,0.145493,0.095168,0.454989,0.374143,0.192351,0.033457,0.22858,0.37901,0.082272,0.233436,0.124541,0.246587,0.240585,0.263077,0.034416,0.102044,0.230583,0.187535,0.137036,0.175707,0.105204,0.153794,0.229296,0.28889,0.061318,0.203538,0.276315,0.287935
87.5,1,0.098161,0.272072,0.234431,0.094,0.160425,0.342678,0.273532,0.185063,0.012664,0.145075,0.3039,0.014137,0.037046,0.116392,0.06878,0.315492,0.330075,0.063101,0.174731,0.307114,0.244865,0.251864,0.291682,0.160455,0.126001,0.26188,0.334954,0.049832,0.215476,0.304264,0.327203
87.890625,1,0.012735,0.289099,0.249186,0.095942,0.014695,0.334104,0.229894,0.105585,0.107658,0.178723,0.29594,0.013823,0.164925,0.2798,0.267204,0.191442,0.206499,0.021803,0.090421,0.147237,0.137723,0.114012,0.13818,0.060715,0.035374,0.118932,0.1564,0.049476,0.113774,0.13947,0.161085
88.28125,1,0.003907,0.33309,0.274655,0.153835,0.012739,0.44784,0.37049,0.254981,0.031398,0.068296,0.440754,0.098532,0.07832,0.211429,0.29817,0.259654,0.278547,0.106956,0.216649,0.221709,0.250567,0.22483,0.27112,0.204359,0.231219,0.187665,0.286265,0.004954,0.178566,0.25862,0.274413
88.671875,1,0.042468,0.462582,0.419365,0.14974,0.045196,0.494152,0.471864,0.235702,0.008563,0.018722,0.453303,0.024488,0.085332,0.090977,0.27631,0.289409,0.304764,0.047977,0.138709,0.230297,0.206374,0.172214,0.229597,0.189949,0.151975,0.276819,0.287935,0.043033,0.269298,0.315059,0.287694
89.0625,1,0.002152,0.455296,0.322485,0.05372,0.035841,0.479686,0.359728,0.089884,0.015071,0.008343,0.39217,0.017026,0.035698,0.03527,0.182643,0.26455,0.286347,0.026012,0.078392,0.205373,0.219248,0.151385,0.189848,0.112545,0.071164,0.251979,0.289256,0.087087,0.24357,0.263356,0.27544
89.453125,1,0.043019,0.443826,0.353726,0.19359,0.033399,0.497601,0.350431,0.090993,0.057981,0.085662,0.355041,0.031802,0.022603,0.124832,0.294501,0.285385,0.29487,0.042475,0.126529,0.231398,0.246327,0.193258,0.232821,0.186387,0.167155,0.299088,0.276105,0.104509,0.30316,0.293144,0.286158
89.84375,1,0.102201,0.401476,0.200885,0.052798,0.123958,0.315679,0.30384,0.082491,0.070227,0.094052,0.42589,0.078919,0.110889,0.183698,0.187835,0.289921,0.297153,0.043796,0.11724,0.23675,0.239081,0.211215,0.222597,0.14989,0.099787,0.272924,0.290385,0.076065,0.253303,0.312732,0.300419
90.234375,1,0.044822,0.2996,0.19983,0.064067,0.043625,0.317805,0.292854,0.12141,0.08067,0.063385,0.36159,0.021083,0.038294,0.278474,0.228323,0.193196,0.213078,0.031599,0.115029,0.150754,0.161861,0.162117,0.17103,0.106282,0.09945,0.153703,0.199629,0.04304,0.128849,0.194516,0.199134
90.625,1,0.080662,0.502979,0.345982,0.079647,0.054519,0.526783,0.455075,0.163562,0.007698,0.035461,0.383408,0.111172,0.018403,0.109827,0.207271,0.25196,0.262986,0.055934,0.236964,0.217441,0.23541,0.264434,0.279235,0.165561,0.158992,0.184524,0.277726,0.039938,0.130426,0.245789,0.244813
91.015625,1,0.076302,0.301596,0.248625,0.014304,0.128832,0.324743,0.289224,0.065816,0.030823,0.041262,0.26647,0.074675,0.022131,0.090069,0.15805,0.113261,0.129904,0.030022,0.050177,0.097604,0.086681,0.066013,0.080791,0.074944,0.02869,0.127896,0.099995,0.058021,0.116029,0.118613,0.096483
91.40625,1,0.076394,0.478131,0.346103,0.149942,0.135077,0.449861,0.38683,0.116155,0.028153,0.182161,0.499953,0.080102,0.025092,0.147952,0.289948,0.155774,0.195633,0.077134,0.053223,0.084889,0.107528,0.061397,0.093823,0.051157,0.028876,0.172598,0.149999,0.069248,0.178769,0.171583,0.155506
91.796875,1,0.004756,0.310378,0.350902,0.10265,0.187263,0.294935,0.28878,0.069754,0.000355,0.094771,0.28665,0.007955,0.070243,0.034385,0.16171,0.169088,0.218423,0.03093,0.130898,0.093957,0.123054,0.113821,0.162295,0.078282,0.046711,0.171189,0.150228,0.044437,0.168541,0.16149,0.164608
92.1875,1,0.058932,0.449428,0.340749,0.203133,0.159074,0.439974,0.34371,0.129549,0.045318,0.018915,0.344902,0.08719,0.041873,0.023316,0.109752,0.223247,0.27377,0.089028,0.185425,0.19978,0.192099,0.181937,0.197534,0.140312,0.136801,0.20767,0.234519,0.05121,0.153938,0.230459,0.240018
92.578125,1,0.138684,0.361536,0.215245,0.148993,0.249923,0.245458,0.158311,0.078678,0.025982,0.091031,0.388415,0.014666,0.061374,0.068498,0.208005,0.297179,0.321715,0.07029,0.199959,0.233098,0.227238,0.216806,0.25897,0.141453,0.085876,0.201574,0.25529,0.14058,0.183614,0.219241,0.229161
92.96875,1,0.02239,0.312232,0.188718,0.064222,0.154206,0.196472,0.105858,0.037727,0.017256,0.041116,0.291327,0.010357,0.016278,0.033958,0.172342,0.198588,0.205833,0.016836,0.059616,0.148262,0.120417,0.083883,0.089338,0.042494,0.013705,0.154844,0.13107,0.084548,0.154538,0.157874,0.137901
93.359375,1,0.021967,0.338078,0.233036,0.061827,0.012694,0.308912,0.231752,0.158561,0.035796,0.049968,0.285145,0.005363,0.016175,0.117164,0.29795,0.298241,0.268721,0.007833,0.097863,0.239091,0.25552,0.123679,0.153825,0.149172,0.078849,0.327518,0.240748,0.08182,0.273766,0.301038,0.267443
93.75,1,0.034507,0.431629,0.35969,0.123937,0.040314,0.376022,0.246643,0.223148,0.034537,0.062233,0.454808,0.119583,0.045753,0.158196,0.168016,0.286012,0.286066,0.044755,0.143807,0.327773,0.261507,0.223775,0.271794,0.145139,0.128035,0.279667,0.299025,0.113073,0.231222,0.327975,0.295422
94.140625,1,0.014654,0.401667,0.370823,0.129401,0.044229,0.431693,0.353673,0.107522,0.008517,0.067234,0.441808,0.117437,0.009614,0.055484,0.114263,0.07437,0.095359,0.017648,0.102315,0.080153,0.075758,0.099975,0.135845,0.052091,0.102894,0.058621,0.120313,0.02818,0.027135,0.091371,0.097164
94.53125,1,0.003104,0.323633,0.308092,0.12508,0.035403,0.336425,0.344173,0.09195,0.047595,0.093189,0.329173,0.059868,0.025717,0.125371,0.207431,0.157444,0.164561,0.061025,0.061273,0.126728,0.137822,0.105136,0.102117,0.120291,0.069218,0.174553,0.161286,0.042166,0.175465,0.15784,0.179922
94.921875,1,0.009761,0.31771,0.235366,0.065138,0.015772,0.329284,0.345026,0.064132,0.011377,0.07361,0.299516,0.157526,0.099106,0.221311,0.220896,0.234497,0.238547,0.020671,0.112213,0.169238,0.137193,0.140949,0.165594,0.06852,0.080141,0.17312,0.188691,0.026124,0.156106,0.19515,0.211174
95.3125,1,0.054025,0.32472,0.281772,0.014688,0.117752,0.224793,0.313606,0.063376,0.047358,0.077977,0.348867,0.052179,0.049912,0.116965,0.296524,0.119693,0.114912,0.045328,0.118728,0.084066,0.097172,0.112378,0.159127,0.112024,0.18269,0.088309,0.146317,0.012903,0.092746,0.125091,0.143107
95.703125,1,0.171498,0.367457,0.276802,0.13111,0.237515,0.435313,0.449485,0.164771,0.030104,0.142048,0.338296,0.160459,0.014847,0.060875,0.405017,0.027967,0.021052,0.019482,0.073545,0.06397,0.039489,0.04977,0.100024,0.081744,0.046505,0.021961,0.069242,0.013615,0.006994,0.034578,0.071242
96.09375,1,0.035588,0.116893,0.050164,0.017037,0.037741,0.113303,0.202588,0.027269,0.011915,0.166273,0.171202,0.031725,0.056227,0.090942,0.216772,0.158382,0.145489,0.036275,0.139001,0.167061,0.189574,0.126932,0.170668,0.117605,0.07018,0.123895,0.178664,0.018351,0.093938,0.148732,0.166927
96.484375,1,0.008998,0.218056,0.138521,0.064596,0.034088,0.219627,0.198388,0.0026,0.037989,0.119137,0.119021,0.001101,0.005371,0.102969,0.0734,0.104538,0.064174,0.026165,0.007811,0.059585,0.067257,0.014362,0.030545,0.008671,0.005623,0.063804,0.059713,0.032331,0.06649,0.079153,0.071381
96.875,1,0.007788,0.162879,0.162499,0.01029,0.021545,0.154186,0.152665,0.06462,0.028986,0.041624,0.077663,0.034029,0.023194,0.049943,0.047674,0.089385,0.048184,0.070198,0.078776,0.106976,0.101477,0.080615,0.088866,0.086974,0.04511,0.078929,0.100002,0.031462,0.080319,0.112478,0.102074
97.265625,1,0.002413,0.180461,0.110367,0.054136,0.027433,0.219799,0.149152,0.041059,0.037188,0.035829,0.238599,0.016242,0.014477,0.128242,0.114971,0.084838,0.086872,0.018449,0.084699,0.126523,0.132152,0.11673,0.116996,0.100145,0.048639,0.073092,0.147464,0.024543,0.055618,0.106563,0.12552
97.65625,1,0.052574,0.283591,0.12185,0.009738,0.03157,0.318839,0.185602,0.039572,0.0201,0.02143,0.209246,0.00997,0.00485,0.088839,0.116662,0.130733,0.129209,0.016684,0.121255,0.146172,0.11983,0.140922,0.151035,0.069331,0.044061,0.050732,0.164027,0.010824,0.027596,0.100492,0.127365
98.046875,1,0.078714,0.220833,0.136026,0.067388,0.142785,0.109658,0.054165,0.010063,0.045277,0.117668,0.233526,0.029588,0.031515,0.048165,0.229626,0.147225,0.206395,0.082866,0.166497,0.168326,0.185442,0.179676,0.201096,0.124896,0.131188,0.13068,0.173463,0.049881,0.136901,0.162835,0.168365
98.4375,1,0.015655,0.160665,0.150832,0.058148,0.046836,0.211721,0.129976,0.028643,0.079363,0.133004,0.26397,0.020596,0.090951,0.095387,0.266638,0.088234,0.082266,0.008228,0.141922,0.078841,0.058813,0.12583,0.176488,0.059172,0.111681,0.057753,0.090315,0.059772,0.048933,0.08567,0.085975
98.828125,1,0.0249,0.128078,0.154507,0.09479,0.027665,0.179801,0.185208,0.031132,0.047221,0.202792,0.174449,0.051562,0.090988,0.140078,0.191219,0.079228,0.094318,0.008324,0.042544,0.0528,0.051702,0.047183,0.078894,0.008371,0.0239,0.034617,0.077043,0.009421,0.025387,0.058426,0.05865
99.21875,1,0.068974,0.177011,0.091634,0.047022,0.032516,0.160136,0.115472,0.086408,0.058001,0.196845,0.23738,0.009421,0.045875,0.031091,0.140266,0.084476,0.10098,0.047844,0.129585,0.089159,0.098692,0.15416,0.182437,0.092713,0.066642,0.029009,0.140972,0.014579,0.005852,0.104557,0.104702
99.609375,1,0.032256,0.191415,0.121964,0.004099,0.034925,0.215595,0.271278,0.170336,0.027383,0.113617,0.185591,0.004703,0.046081,0.053816,0.269353,0.063513,0.071004,0.004101,0.077727,0.065358,0.09717,0.046927,0.070936,0.088796,0.071054,0.068937,0.095162,0.006311,0.036087,0.121139,0.091882
100,0,0,0,0,0,0,0,0,0,0,0,0,0,0,0,0,0,0,0,0,0,0,0,0,0,0,0,0,0,0,0,0