Frequency Value,FP01,FP02,FP03,FP04,FP05,FP06,FP07,FP08,FP09,FP10,FP11,FP12,FP13,FP14,FP15,FP16,FP17,FP18,FP19,FP20,FP21,FP22,FP23,FP24,FP25,FP26,FP27,FP28,FP29,FP30,FP31,FP32
0,0.599023,0.244914,0.65475,0.43969,0.580941,0.172728,0.56382,0.336457,0.517753,0.261114,0.012476,1,0.534004,0.421145,0.033643,0.806419,0.010666,0.006252,0.001703,0.005823,0.00016,0.000856,0.000643,0.008416,0.017518,0.004102,0.000261,0.001426,0.001372,0.001873,0.003031,0.000703
0.390625,0.513473,0.22717,0.586642,0.504545,0.488362,0.108583,0.548588,0.443292,0.434265,0.227915,0.018014,1,0.531262,0.327735,0.073749,0.628791,0.064285,0.067434,0.077754,0.068563,0.067997,0.07713,0.073885,0.064951,0.103348,0.093422,0.087199,0.079877,0.037368,0.06354,0.087562,0.080537
0.78125,0.557869,0.083779,0.413292,0.291374,0.555883,0.138727,0.46338,0.526649,0.492892,0.047611,0.222857,1,0.315875,0.070533,0.086576,0.443151,0.041124,0.045239,0.015254,0.025894,0.03258,0.037009,0.02513,0.025368,0.02087,0.039339,0.044935,0.035497,0.055197,0.054797,0.03997,0.037207
1.171875,0.614762,0.474464,0.592786,0.467766,0.725886,0.475812,0.617104,0.491548,0.554493,0.257178,0.48147,1,0.254509,0.02261,0.359673,0.461699,0.029093,0.032487,0.013131,0.012573,0.028052,0.025563,0.016534,0.013582,0.013891,0.007727,0.033839,0.024023,0.043722,0.040752,0.029556,0.025601
1.5625,0.614417,0.309545,0.677939,0.510689,0.819985,0.330896,0.676694,0.578042,0.53931,0.225289,0.514573,1,0.259691,0.012557,0.449038,0.531654,0.090071,0.090968,0.132625,0.099931,0.076734,0.096664,0.093534,0.090006,0.087678,0.119384,0.075813,0.091994,0.043841,0.077531,0.077118,0.093898
1.953125,0.723149,0.272764,0.710079,0.461101,0.800355,0.413299,0.726848,0.654409,0.664364,0.120077,0.463385,1,0.301654,0.005332,0.406371,0.620602,0.218008,0.237155,0.067064,0.11362,0.183924,0.20285,0.1496,0.162786,0.112701,0.145012,0.224503,0.231733,0.112068,0.205695,0.221478,0.250531
2.34375,0.788509,0.280965,0.735636,0.541752,0.799492,0.437139,0.765642,0.679744,0.702894,0.114643,0.424622,1,0.311284,0.026788,0.338129,0.529399,0.268602,0.262133,0.167054,0.197486,0.267671,0.257525,0.232111,0.244903,0.206707,0.206073,0.252214,0.279356,0.014778,0.213144,0.272853,0.292592
2.734375,0.704511,0.277401,0.687267,0.430462,0.722606,0.406639,0.779032,0.610577,0.566158,0.128723,0.409494,1,0.348286,0.034121,0.296308,0.455009,0.074775,0.072892,0.030568,0.05356,0.065225,0.060088,0.058145,0.071545,0.047201,0.056874,0.062161,0.08625,0.006817,0.051788,0.074717,0.089667
3.125,0.760735,0.146332,0.811888,0.706575,0.846577,0.312672,0.808706,0.701898,0.694071,0.058121,0.342309,1,0.33179,0.050394,0.272545,0.702723,0.048961,0.039761,0.049157,0.045679,0.053837,0.036534,0.056847,0.066573,0.035117,0.036511,0.021428,0.058035,0.023395,0.010639,0.040682,0.04496
3.515625,0.722351,0.450101,0.735061,0.632803,0.866559,0.607396,0.741059,0.655896,0.568939,0.302935,0.590058,1,0.407785,0.119788,0.538013,0.736061,0.06887,0.08674,0.00907,0.010038,0.023487,0.028272,0.019149,0.016251,0.007156,0.008294,0.058564,0.031502,0.065657,0.066223,0.044256,0.035476
3.90625,0.725985,0.283058,0.64508,0.534509,0.775089,0.398568,0.672697,0.59446,0.489056,0.211024,0.486352,1,0.166816,0.0727,0.506942,0.690916,0.02999,0.039265,0.000106,0.007833,0.013872,0.021739,0.014035,0.009134,0.015957,0.004825,0.043729,0.029668,0.053749,0.046817,0.044748,0.031764
4.296875,0.698443,0.354368,0.661423,0.500027,0.762034,0.444598,0.59543,0.476452,0.38973,0.236153,0.520238,1,0.22259,0.02129,0.45145,0.726339,0.062326,0.068669,0.026715,0.042912,0.044772,0.053547,0.042043,0.050573,0.050869,0.032831,0.050369,0.057014,0.055004,0.057758,0.055478,0.074087
4.6875,0.753215,0.365042,0.502579,0.382534,0.649701,0.475282,0.470711,0.347221,0.208555,0.22245,0.496537,1,0.239652,0.18121,0.400052,0.749875,0.015138,0.014247,0.036689,0.048388,0.01016,0.014652,0.026177,0.042191,0.020113,0.027299,0.015985,0.019235,0.03309,0.030668,0.010772,0.043132
5.078125,0.603399,0.257797,0.621196,0.523105,0.630481,0.393619,0.618732,0.535587,0.362943,0.349882,0.518686,1,0.449733,0.318503,0.412404,0.695179,0.045195,0.044087,0.085169,0.104006,0.043227,0.044575,0.082689,0.082551,0.083337,0.063094,0.026881,0.040343,0.00791,0.019494,0.032452,0.029632
5.46875,0.52146,0.237247,0.538031,0.399489,0.589781,0.336841,0.499212,0.409117,0.321429,0.348882,0.491808,1,0.254406,0.158724,0.439713,0.590865,0.060591,0.059516,0.074814,0.09153,0.045207,0.042819,0.05738,0.069477,0.030265,0.024117,0.040997,0.02466,0.078834,0.055122,0.024153,0.017632
5.859375,0.437748,0.279759,0.509308,0.320837,0.52602,0.383042,0.480371,0.368773,0.282916,0.277304,0.489391,1,0.306775,0.120089,0.33469,0.542978,0.125735,0.091557,0.214307,0.183918,0.15911,0.123634,0.195897,0.195853,0.153073,0.133401,0.060654,0.156421,0.004251,0.023007,0.100561,0.118783
6.25,0.551147,0.181348,0.53488,0.404405,0.52098,0.280793,0.492396,0.414593,0.327516,0.109733,0.338657,1,0.141734,0.043761,0.269676,0.587051,0.081429,0.071868,0.063846,0.069534,0.077742,0.069797,0.088059,0.08315,0.066809,0.064376,0.064062,0.090075,0.026666,0.044271,0.079612,0.071153
6.640625,0.505119,0.250708,0.524946,0.396011,0.60841,0.34388,0.450767,0.312404,0.262203,0.301352,0.537386,1,0.319664,0.127141,0.475945,0.664644,0.053424,0.06062,0.015027,0.018874,0.02824,0.03047,0.024396,0.018902,0.027037,0.020774,0.052615,0.031168,0.044277,0.05454,0.04965,0.038066
7.03125,0.326057,0.197902,0.342289,0.207886,0.497828,0.283253,0.325455,0.245444,0.320291,0.300754,0.475251,1,0.316298,0.091004,0.334542,0.449669,0.065137,0.065465,0.072788,0.068855,0.030806,0.024354,0.046118,0.042823,0.009721,0.011505,0.019862,0.014521,0.016041,0.022017,0.014782,0.011066
7.421875,0.428562,0.167557,0.457167,0.357729,0.530481,0.257452,0.450144,0.347463,0.3463,0.050561,0.253255,1,0.302336,0.140871,0.11184,0.562254,0.146128,0.151639,0.097943,0.092909,0.088042,0.09445,0.093968,0.093461,0.047581,0.028632,0.078334,0.082928,0.075184,0.090851,0.082711,0.081907
7.8125,0.340083,0.320392,0.493697,0.35386,0.409263,0.35866,0.458052,0.309321,0.427308,0.226442,0.306264,1,0.482588,0.363039,0.321652,0.562577,0.189438,0.201242,0.00583,0.015202,0.095553,0.113249,0.021554,0.017731,0.037065,0.037552,0.187974,0.092794,0.233052,0.239036,0.134655,0.195777
8.203125,0.294256,0.137162,0.156806,0.062684,0.238385,0.23045,0.102488,0.040807,0.243739,0.192001,0.379686,1,0.133967,0.183359,0.288856,0.209577,0.05495,0.05737,0.016131,0.029193,0.045265,0.038274,0.023367,0.02376,0.026291,0.020922,0.056261,0.033916,0.09193,0.073842,0.042928,0.045795
8.59375,0.409318,0.029427,0.167214,0.032512,0.3838,0.093188,0.191678,0.155049,0.202073,0.053757,0.336039,1,0.015053,0.015014,0.22043,0.458618,0.136541,0.127144,0.123698,0.143969,0.130308,0.128199,0.11765,0.134308,0.109102,0.132787,0.114275,0.126066,0.085347,0.124841,0.099401,0.144363
8.984375,0.409118,0.00615,0.330802,0.117511,0.487557,0.06364,0.317218,0.192853,0.236512,0.08305,0.300763,1,0.065528,0.011782,0.306803,0.507829,0.202731,0.207287,0.065674,0.096921,0.14657,0.162122,0.103215,0.095692,0.068546,0.113029,0.187375,0.172449,0.110423,0.205786,0.167908,0.212256
9.375,0.577569,0.024948,0.239997,0.054026,0.35719,0.059857,0.253526,0.214095,0.10546,0.098892,0.386099,1,0.034184,0.017843,0.260456,0.493184,0.198349,0.203904,0.170226,0.152098,0.186037,0.203554,0.177417,0.153772,0.137947,0.18858,0.183559,0.19386,0.031429,0.178711,0.191504,0.196317
9.765625,0.280433,0.011313,0.216484,0.054303,0.356933,0.020302,0.240697,0.240385,0.163369,0.009301,0.074006,1,0.046024,0.000909,0.063599,0.14768,0.059743,0.059022,0.006589,0.034558,0.059661,0.036147,0.046743,0.057918,0.016917,0.017545,0.039486,0.060426,0.012485,0.039948,0.047557,0.065802
10.15625,0.370331,0.020924,0.113925,0.008712,0.252802,0.055074,0.120764,0.119523,0.085372,0.072169,0.220214,1,0.038936,0.047929,0.174609,0.343593,0.026786,0.031562,0.011135,0.037944,0.021321,0.020072,0.022118,0.033368,0.014968,0.014007,0.036165,0.012836,0.095127,0.056706,0.021169,0.012028
10.546875,0.31782,0.050959,0.220531,0.078725,0.405172,0.126357,0.126805,0.088296,0.194107,0.089897,0.277276,1,0.073414,0.064652,0.27509,0.494994,0.012483,0.014099,0.013777,0.01978,0.010656,0.011736,0.018941,0.019495,0.018628,0.027976,0.009132,0.013304,0.013148,0.011683,0.008945,0.010777
10.9375,0.414385,0.041045,0.22132,0.115143,0.30017,0.094914,0.157715,0.145695,0.172641,0.062879,0.32674,1,0.067612,0.011056,0.143159,0.399377,0.082689,0.079049,0.012269,0.016745,0.080807,0.057516,0.04799,0.02592,0.035205,0.021624,0.099323,0.076884,0.062877,0.09383,0.097966,0.090539
11.328125,0.499406,0.04688,0.376205,0.204965,0.419748,0.104681,0.383501,0.384247,0.32768,0.01178,0.248819,1,0.165298,0.079176,0.078875,0.380987,0.157489,0.155967,0.064273,0.062246,0.156665,0.121014,0.077489,0.058023,0.070944,0.057832,0.180938,0.135344,0.137642,0.194425,0.161208,0.177067
11.71875,0.349157,0.002379,0.306134,0.087032,0.230415,0.008212,0.251249,0.235381,0.084478,0.066473,0.096475,1,0.085234,0.051999,0.155898,0.339642,0.05078,0.042269,0.022051,0.022899,0.03943,0.02967,0.019297,0.019744,0.005944,0.001928,0.016855,0.033825,0.023824,0.02353,0.014262,0.039913
12.109375,0.507856,0.025063,0.209031,0.128382,0.16767,0.149966,0.194652,0.116325,0.139414,0.128452,0.32283,1,0.10268,0.093098,0.288084,0.384162,0.013935,0.017126,0.018666,0.014542,0.020402,0.019201,0.020442,0.019572,0.040207,0.060665,0.015056,0.025137,0.003591,0.016084,0.018013,0.035292
12.5,0.37985,0.047481,0.032848,0.029946,0.154444,0.057206,0.087616,0.073314,0.075549,0.101384,0.24406,1,0.04981,0.117849,0.297359,0.431481,0.131085,0.128873,0.055016,0.082006,0.123919,0.110999,0.082713,0.095904,0.045218,0.064302,0.075969,0.128128,0.040328,0.091753,0.077384,0.165395
12.890625,0.373187,0.014621,0.245907,0.096044,0.239818,0.031362,0.248042,0.170519,0.222298,0.006714,0.113175,1,0.110637,0.026356,0.089009,0.520819,0.091377,0.091971,0.063703,0.086366,0.117252,0.095643,0.095687,0.098746,0.084144,0.096158,0.069333,0.121025,0.010285,0.054339,0.093342,0.120563
13.28125,0.293892,0.024903,0.346904,0.136597,0.418349,0.017071,0.382712,0.305375,0.316712,0.044759,0.16928,1,0.145982,0.033758,0.223249,0.662544,0.193248,0.168297,0.063052,0.071297,0.210405,0.169124,0.094539,0.082045,0.092104,0.103294,0.189573,0.188032,0.11791,0.215129,0.174489,0.234635
13.671875,0.262629,0.05827,0.311608,0.086741,0.31031,0.009678,0.315649,0.346339,0.37475,0.043295,0.108643,1,0.024086,0.003083,0.041506,0.4101,0.224662,0.214969,0.27197,0.207442,0.261357,0.200514,0.292826,0.211549,0.179534,0.168721,0.174202,0.248004,0.043634,0.128461,0.220545,0.192692
14.0625,0.336219,0.042844,0.16334,0.038868,0.209598,0.007833,0.198074,0.23894,0.112916,0.074679,0.181291,1,0.067633,0.046128,0.201544,0.459405,0.075787,0.076888,0.110982,0.092687,0.080554,0.081919,0.103526,0.089654,0.084948,0.08023,0.05747,0.092897,0.014218,0.042081,0.074483,0.091009
14.453125,0.269395,0.020186,0.167101,0.060678,0.152664,0.027654,0.158862,0.097346,0.209507,0.021487,0.098587,1,0.182725,0.023157,0.124527,0.547006,0.043743,0.046972,0.01326,0.016125,0.036327,0.045549,0.023284,0.018481,0.034594,0.024482,0.060522,0.042724,0.046875,0.064352,0.049768,0.057418
14.84375,0.535684,0.019237,0.261287,0.146494,0.332233,0.075479,0.271304,0.220267,0.258048,0.142238,0.35691,1,0.122406,0.024493,0.182305,0.620103,0.097433,0.087625,0.05683,0.053177,0.094701,0.067043,0.090731,0.066357,0.05394,0.040136,0.059888,0.114119,0.009787,0.042946,0.085755,0.115339
15.234375,0.431339,0.020671,0.130006,0.033609,0.394428,0.059536,0.133862,0.131624,0.077247,0.121847,0.338567,1,0.039192,0.033818,0.273798,0.626547,0.037931,0.024874,0.047429,0.025833,0.058451,0.029714,0.053962,0.037323,0.023355,0.026892,0.011753,0.043449,0.004874,0.011197,0.023762,0.046849
15.625,0.34198,0.014302,0.164873,0.028402,0.454556,0.020522,0.202513,0.231383,0.120441,0.05052,0.24088,1,0.076047,0.029692,0.316669,0.599484,0.03255,0.030971,0.007356,0.00168,0.051099,0.0208,0.009905,0.004975,0.049978,0.039848,0.052573,0.038387,0.042468,0.060576,0.050724,0.06781
16.015625,0.135901,0.027382,0.184484,0.084229,0.375014,0.031772,0.252332,0.262058,0.233367,0.020856,0.031744,1,0.090443,0.02048,0.099489,0.343503,0.185483,0.184577,0.031023,0.067637,0.157368,0.132168,0.097645,0.070962,0.062607,0.050351,0.188316,0.143583,0.1567,0.192664,0.170361,0.174665
16.40625,0.304572,0.013835,0.225594,0.137387,0.326304,0.103082,0.312258,0.29143,0.280385,0.064878,0.125421,1,0.118107,0.060837,0.12823,0.458602,0.065875,0.074249,0.019316,0.064149,0.089801,0.067527,0.090655,0.096933,0.071755,0.064955,0.066532,0.105457,0.010332,0.044281,0.09368,0.090777
16.796875,0.21142,0.011505,0.30398,0.107903,0.388081,0.059431,0.352799,0.306851,0.157929,0.007579,0.107745,1,0.125033,0.07594,0.108543,0.490483,0.134558,0.141952,0.06046,0.03434,0.106179,0.082485,0.063841,0.030655,0.025887,0.014116,0.094901,0.087317,0.066431,0.126534,0.084143,0.125313
17.1875,0.305594,0.046207,0.377899,0.251267,0.253894,0.096762,0.462051,0.418619,0.3747,0.022154,0.077385,1,0.243583,0.079654,0.072357,0.497285,0.15519,0.136746,0.069959,0.11526,0.13489,0.107616,0.090623,0.120723,0.027973,0.031019,0.059568,0.091313,0.046742,0.08395,0.046096,0.105286
17.578125,0.296767,0.019564,0.204482,0.088401,0.359247,0.002382,0.200635,0.175495,0.088965,0.078321,0.218959,1,0.072592,0.013711,0.237602,0.603517,0.076165,0.074436,0.028973,0.050413,0.074132,0.056885,0.047477,0.055957,0.041937,0.033405,0.053577,0.025605,0.06483,0.088053,0.035952,0.03629
17.96875,0.277242,0.037009,0.215604,0.091017,0.275507,0.014722,0.211212,0.177218,0.150992,0.106951,0.235892,1,0.109027,0.004321,0.109228,0.48253,0.054894,0.053003,0.015673,0.020593,0.032517,0.033594,0.028562,0.019204,0.021519,0.025939,0.045479,0.040987,0.045944,0.050073,0.047225,0.036681
18.359375,0.102007,0.079931,0.078828,0.042787,0.257147,0.068247,0.067947,0.036177,0.090222,0.093904,0.23591,1,0.060155,0.03502,0.294083,0.516827,0.028431,0.033318,0.016042,0.010896,0.024386,0.021371,0.014103,0.009858,0.019522,0.013256,0.040513,0.0283,0.030808,0.041165,0.036602,0.023587
18.75,0.190293,0.012356,0.249085,0.121736,0.369872,0.034889,0.308252,0.220441,0.253902,0.012012,0.129511,1,0.098767,0.026979,0.118839,0.538477,0.087984,0.072388,0.093132,0.154131,0.12868,0.080703,0.138718,0.148565,0.1623,0.098217,0.051359,0.132754,0.008258,0.02889,0.068616,0.111621
19.140625,0.222797,0.028567,0.184313,0.083718,0.181733,0.009081,0.209978,0.145358,0.178073,0.030427,0.06345,1,0.114024,0.030173,0.143055,0.407908,0.155298,0.145224,0.050369,0.101044,0.147675,0.141191,0.154477,0.107734,0.15392,0.141947,0.150744,0.182237,0.093574,0.134086,0.1549,0.198623
19.53125,0.236529,0.005555,0.084689,0.002001,0.152548,0.003934,0.051282,0.054907,0.075273,0.077433,0.097692,1,0.011816,0.054879,0.187493,0.369843,0.091959,0.090189,0.119826,0.185505,0.07146,0.061786,0.094126,0.154572,0.053115,0.034091,0.006063,0.052446,0.01532,0.025931,0.006308,0.101049
19.921875,0.230316,0.022117,0.148222,0.052281,0.159417,0.009364,0.220026,0.164044,0.180241,0.035501,0.086453,1,0.109571,0.018461,0.092855,0.493274,0.085342,0.08992,0.036749,0.086826,0.069109,0.098191,0.085746,0.096908,0.093482,0.136066,0.065615,0.10311,0.038485,0.077152,0.067106,0.11317
20.3125,0.142957,0.022144,0.200474,0.109331,0.051139,0.010568,0.258579,0.1979,0.270155,0.079797,0.032679,1,0.106778,0.027325,0.079565,0.412213,0.078573,0.06913,0.087747,0.090544,0.106016,0.112475,0.114597,0.086435,0.131501,0.179878,0.124777,0.132438,0.060563,0.122237,0.118931,0.124363
20.703125,0.344164,0.021366,0.250915,0.111271,0.201326,0.021418,0.299178,0.237835,0.237616,0.013074,0.086752,1,0.070279,0.019614,0.077597,0.376436,0.061654,0.064937,0.083655,0.071054,0.065634,0.113096,0.096842,0.072174,0.148589,0.203485,0.11453,0.140608,0.033084,0.11279,0.12102,0.133347
21.09375,0.33282,0.079397,0.396271,0.250621,0.262786,0.053194,0.436923,0.404035,0.37253,0.047065,0.145633,1,0.203756,0.105426,0.07901,0.533829,0.101027,0.110704,0.008505,0.020204,0.094952,0.107796,0.063945,0.033725,0.083463,0.07624,0.166874,0.116402,0.06228,0.163899,0.158675,0.137143
21.484375,0.308472,0.028028,0.199722,0.089722,0.153513,0.03628,0.177134,0.168463,0.235041,0.001736,0.260091,1,0.089391,0.065593,0.133068,0.537282,0.325523,0.353354,0.003683,0.017274,0.254378,0.304551,0.120825,0.046594,0.118759,0.119149,0.420446,0.317722,0.267501,0.353529,0.398199,0.337117
21.875,0.208535,0.076122,0.186281,0.087485,0.260287,0.023066,0.215875,0.275683,0.155387,0.003405,0.117813,1,0.092437,0.004339,0.17705,0.483548,0.072136,0.086467,0.03284,0.065383,0.031758,0.034698,0.047224,0.056345,0.019952,0.050194,0.044141,0.052265,0.026468,0.038206,0.045322,0.050684
22.265625,0.356091,0.033079,0.389058,0.09352,0.294745,0.014893,0.445558,0.463457,0.368415,0.060638,0.263197,1,0.238687,0.037311,0.124919,0.622328,0.21551,0.211298,0.121242,0.257544,0.192102,0.178369,0.254678,0.274016,0.139687,0.14066,0.092353,0.218733,0.018947,0.095102,0.126944,0.191193
22.65625,0.477994,0.057088,0.448919,0.290386,0.227228,0.069129,0.478925,0.403859,0.380636,0.014851,0.082484,1,0.193213,0.027136,0.112224,0.615487,0.202618,0.177503,0.145139,0.242549,0.253066,0.21653,0.255604,0.299232,0.162904,0.184525,0.107944,0.2603,0.022135,0.105622,0.14743,0.244294
23.046875,0.34678,0.062312,0.294212,0.137444,0.20578,0.005802,0.355283,0.222853,0.346508,0.055061,0.197069,1,0.113046,0.009786,0.145944,0.651422,0.141306,0.140812,0.03675,0.084816,0.136927,0.15782,0.112633,0.096775,0.095182,0.146315,0.143967,0.141748,0.112498,0.1707,0.131119,0.157644
23.4375,0.109471,0.05676,0.256541,0.179084,0.15506,0.018268,0.315197,0.263854,0.182401,0.004219,0.034709,1,0.168226,0.01921,0.01316,0.499662,0.096385,0.110839,0.051698,0.090963,0.113057,0.167499,0.093018,0.087327,0.09419,0.12679,0.141601,0.127487,0.081713,0.162533,0.142396,0.138207
23.828125,0.338079,0.078982,0.300745,0.151123,0.204982,0.018402,0.376438,0.306611,0.272617,0.032916,0.106465,1,0.014096,0.102786,0.220109,0.612475,0.163001,0.166701,0.016966,0.077177,0.172573,0.144424,0.091853,0.0799,0.121553,0.077983,0.153477,0.144277,0.129197,0.179889,0.144462,0.191679
24.21875,0.307823,0.005081,0.171855,0.06915,0.09846,0.007613,0.181803,0.142253,0.253413,0.021743,0.234136,1,0.125544,0.038894,0.190411,0.60036,0.113563,0.097559,0.06174,0.114752,0.159052,0.099789,0.136624,0.120703,0.140369,0.083915,0.094148,0.117602,0.038236,0.077871,0.103744,0.116807
24.609375,0.272279,0.061884,0.224651,0.118329,0.124414,0.020315,0.25597,0.143234,0.160365,0.160844,0.164521,1,0.033668,0.05364,0.278064,0.390364,0.090046,0.081756,0.041141,0.070861,0.093059,0.064451,0.063172,0.063889,0.0291,0.030692,0.070828,0.091714,0.038407,0.055402,0.090612,0.093424
25,0.271191,0.023025,0.247698,0.055556,0.147964,0.038102,0.310477,0.221172,0.34262,0.065762,0.17021,1,0.10319,0.033197,0.267109,0.509807,0.211698,0.248173,0.037585,0.08472,0.173863,0.197453,0.129121,0.105296,0.100129,0.100293,0.188701,0.206412,0.122711,0.196712,0.188092,0.249622
25.390625,0.054893,0.009213,0.170321,0.025108,0.122916,0.054609,0.139179,0.071056,0.25987,0.022053,0.077801,1,0.080351,0.013205,0.080272,0.445329,0.099862,0.096285,0.024723,0.00486,0.086621,0.067343,0.013361,0.006956,0.003824,0.003588,0.119803,0.070037,0.10947,0.130571,0.081553,0.108321
25.78125,0.263729,0.094171,0.207294,0.066635,0.197746,0.008157,0.296611,0.350905,0.354498,0.064916,0.243187,1,0.082495,0.024093,0.137119,0.431161,0.086818,0.084667,0.033718,0.142641,0.098408,0.082608,0.098013,0.179101,0.067815,0.060843,0.029263,0.110993,0.016749,0.044887,0.040722,0.093884
26.171875,0.51605,0.022935,0.399394,0.170989,0.252934,0.017856,0.485104,0.40706,0.443612,0.022171,0.249466,1,0.049695,0.030012,0.154195,0.514474,0.212643,0.205697,0.105495,0.228815,0.220446,0.231914,0.222378,0.275458,0.148523,0.177054,0.106114,0.223566,0.018491,0.108372,0.157324,0.206873
26.5625,0.316453,0.062547,0.316112,0.085466,0.32267,0.08122,0.347183,0.27773,0.256387,0.038198,0.20641,1,0.090131,0.052846,0.212069,0.57967,0.081253,0.062514,0.185666,0.347814,0.159576,0.099979,0.213923,0.333776,0.162974,0.163875,0.033464,0.152516,0.045148,0.030222,0.052375,0.163681
26.953125,0.366845,0.029832,0.330657,0.193576,0.120496,0.074857,0.396684,0.408104,0.346327,0.042887,0.085542,1,0.09881,0.063952,0.048865,0.468635,0.28384,0.257063,0.071075,0.203229,0.335323,0.295114,0.24014,0.244437,0.225831,0.220545,0.258393,0.355542,0.057817,0.230274,0.310014,0.401897
27.34375,0.23536,0.030659,0.202795,0.121359,0.112025,0.004352,0.245449,0.209562,0.284322,0.085768,0.268062,1,0.102814,0.050014,0.303605,0.484697,0.161695,0.16891,0.037144,0.079847,0.151891,0.12853,0.09396,0.08043,0.144944,0.074401,0.170233,0.140302,0.053278,0.169997,0.162637,0.181543
27.734375,0.528972,0.054896,0.473544,0.263393,0.327003,0.10005,0.54212,0.394368,0.35653,0.034928,0.189719,1,0.266364,0.019799,0.268905,0.659664,0.254553,0.266591,0.136021,0.264948,0.287332,0.295377,0.308237,0.289725,0.246668,0.2664,0.211727,0.311425,0.022781,0.17469,0.25705,0.279665
28.125,0.553901,0.031212,0.476261,0.224466,0.277386,0.028091,0.518124,0.453405,0.402661,0.050974,0.21241,1,0.1268,0.041688,0.303856,0.582366,0.168442,0.174047,0.096527,0.19786,0.169206,0.204567,0.171809,0.225803,0.152746,0.220993,0.124835,0.224538,0.016617,0.116182,0.145428,0.236659
28.515625,0.349685,0.052352,0.425368,0.19483,0.221958,0.009358,0.511452,0.405056,0.364468,0.001068,0.11595,1,0.087796,0.010293,0.159303,0.572661,0.265885,0.233424,0.067471,0.205665,0.306334,0.25905,0.232435,0.279439,0.239319,0.21847,0.184578,0.358938,0.047133,0.162918,0.244679,0.362976
28.90625,0.37387,0.018261,0.538633,0.288212,0.356846,0.050337,0.572512,0.418797,0.455277,0.006787,0.180465,1,0.115229,0.02279,0.201181,0.553305,0.196504,0.184228,0.068945,0.138737,0.264733,0.24151,0.194908,0.19144,0.211523,0.163241,0.200474,0.284273,0.062814,0.183065,0.244873,0.265896
29.296875,0.397207,0.025461,0.484642,0.273944,0.388051,0.019361,0.513015,0.431771,0.338269,0.009297,0.123282,1,0.093045,0.023093,0.193007,0.533964,0.067795,0.065156,0.097263,0.112998,0.113663,0.093669,0.1088,0.13176,0.092436,0.074923,0.0449,0.113315,0.007727,0.043069,0.059476,0.11106
29.6875,0.456298,0.071976,0.456763,0.229947,0.229962,0.060827,0.550915,0.42614,0.338585,0.009483,0.034997,1,0.059666,0.01765,0.11864,0.487176,0.231952,0.210654,0.136688,0.259957,0.2984,0.203439,0.235094,0.316269,0.138774,0.132913,0.134517,0.283586,0.029409,0.106735,0.173914,0.252014
30.078125,0.471798,0.0341,0.310672,0.12496,0.19174,0.014413,0.384709,0.31965,0.3242,0.055967,0.147019,1,0.059235,0.019491,0.214326,0.524269,0.12451,0.117664,0.0997,0.099195,0.143947,0.071007,0.115954,0.157487,0.041945,0.042045,0.059477,0.152667,0.030774,0.048651,0.074256,0.133617
30.46875,0.430411,0.050898,0.234073,0.101905,0.133038,0.006189,0.248227,0.167203,0.208072,0.04381,0.136103,1,0.057976,0.016942,0.272755,0.585134,0.030956,0.032135,0.24024,0.119515,0.028558,0.014875,0.080035,0.087899,0.048409,0.04104,0.02205,0.054817,0.073517,0.017349,0.033381,0.057553
30.859375,0.341678,0.014953,0.230356,0.149631,0.141972,0.028556,0.217413,0.159648,0.316352,0.013978,0.050327,1,0.045125,0.055574,0.166603,0.60709,0.209166,0.188514,0.148373,0.194948,0.195834,0.180403,0.205507,0.196613,0.122078,0.128018,0.123821,0.212491,0.015422,0.088661,0.162777,0.214406
31.25,0.334403,0.055947,0.46762,0.380746,0.263091,0.00603,0.471427,0.381193,0.24337,0.037491,0.00253,1,0.192667,0.056626,0.098008,0.362385,0.193371,0.212272,0.068607,0.135576,0.155611,0.129564,0.128219,0.155625,0.089168,0.134792,0.143366,0.205716,0.023458,0.11998,0.141142,0.219544
31.640625,0.243769,0.088646,0.439864,0.263489,0.168326,0.098464,0.431828,0.398668,0.290927,0.073865,0.01263,1,0.049266,0.140073,0.086331,0.412847,0.190303,0.178288,0.063233,0.16135,0.214105,0.196187,0.16494,0.174184,0.248103,0.240423,0.193374,0.246416,0.056109,0.169263,0.201565,0.277934
32.03125,0.222612,0.017657,0.444945,0.278935,0.173432,0.046455,0.461155,0.415908,0.342671,0.11453,0.017261,1,0.111701,0.106414,0.014698,0.482952,0.139547,0.148946,0.04125,0.086668,0.164523,0.172741,0.085972,0.111112,0.108924,0.104784,0.145543,0.175213,0.065694,0.136917,0.148806,0.211803
32.421875,0.27435,0.077113,0.353668,0.305136,0.211706,0.004391,0.43631,0.374173,0.383493,0.097556,0.031642,1,0.085883,0.030267,0.026761,0.4606,0.166495,0.172986,0.080629,0.139313,0.175215,0.186148,0.173202,0.211764,0.188311,0.214226,0.132214,0.240504,0.030925,0.131278,0.152862,0.23745
32.8125,0.25794,0.053031,0.225607,0.113123,0.168839,0.025386,0.293034,0.250446,0.252937,0.013298,0.118262,1,0.104387,0.019992,0.162208,0.494566,0.15615,0.151524,0.138744,0.195393,0.177829,0.174962,0.183338,0.207739,0.157296,0.212919,0.120929,0.179763,0.032721,0.118211,0.134414,0.164594
33.203125,0.303261,0.019659,0.341847,0.140518,0.174938,0.074465,0.395581,0.338026,0.189668,0.013972,0.087149,1,0.109555,0.01943,0.089701,0.378239,0.155731,0.128675,0.074671,0.03558,0.147539,0.096564,0.083623,0.067479,0.063466,0.031009,0.173071,0.11994,0.17129,0.193094,0.147812,0.149366
33.59375,0.538611,0.105162,0.510245,0.386016,0.297499,0.020833,0.516352,0.501161,0.336822,0.067816,0.170632,1,0.078013,0.030502,0.178864,0.469885,0.272413,0.275604,0.103665,0.257294,0.312608,0.231643,0.303452,0.346786,0.230498,0.176292,0.189479,0.326591,0.010001,0.138776,0.243667,0.318632
33.984375,0.52204,0.11272,0.466678,0.334881,0.447948,0.019935,0.541734,0.501885,0.317391,0.059025,0.158045,1,0.038314,0.036012,0.282183,0.54039,0.119191,0.122743,0.115785,0.185418,0.113055,0.095105,0.144506,0.201552,0.129057,0.13693,0.062521,0.143816,0.044306,0.047085,0.101487,0.170444
34.375,0.562193,0.028874,0.469564,0.321499,0.204671,0.052146,0.529497,0.441428,0.304834,0.076069,0.076011,1,0.068274,0.077392,0.132511,0.504588,0.236712,0.236585,0.07877,0.186562,0.226165,0.199756,0.207526,0.230676,0.113555,0.132135,0.183218,0.247408,0.07886,0.184458,0.212174,0.250932
34.765625,0.350664,0.023303,0.46372,0.325085,0.265582,0.02473,0.44204,0.389576,0.25028,0.059394,0.102362,1,0.057707,0.003027,0.180029,0.499231,0.171417,0.164092,0.052863,0.151555,0.213487,0.188993,0.185984,0.191132,0.131932,0.1458,0.143188,0.209125,0.018639,0.126063,0.171795,0.236092
35.15625,0.319413,0.008898,0.539694,0.344548,0.204725,0.065204,0.45634,0.456837,0.516046,0.091632,0.040803,1,0.068621,0.012237,0.128971,0.36303,0.125248,0.11374,0.139563,0.221729,0.154389,0.144027,0.192678,0.240104,0.104167,0.105576,0.078462,0.186473,0.002423,0.057595,0.103912,0.177859
35.546875,0.408176,0.026518,0.437852,0.210715,0.275423,0.040033,0.41565,0.392622,0.325372,0.014506,0.116031,1,0.04509,0.009729,0.071946,0.461643,0.230562,0.204966,0.090754,0.202049,0.222579,0.201081,0.214761,0.255471,0.162149,0.182965,0.154714,0.252755,0.018611,0.133905,0.190836,0.250778
35.9375,0.374971,0.039415,0.432776,0.247496,0.278693,0.021275,0.411443,0.447214,0.38487,0.019542,0.123007,1,0.065879,0.028491,0.114899,0.413741,0.31777,0.278638,0.253905,0.32559,0.37019,0.340745,0.355558,0.382466,0.333735,0.299326,0.253287,0.357091,0.049109,0.214655,0.306148,0.358842
36.328125,0.431424,0.041482,0.449699,0.273878,0.307943,0.010677,0.5074,0.436095,0.43273,0.018737,0.120488,1,0.117137,0.014048,0.318911,0.552761,0.24246,0.19981,0.209734,0.286845,0.31096,0.240109,0.281056,0.323267,0.15943,0.194089,0.138312,0.302355,0.012398,0.117922,0.208143,0.309647
36.71875,0.395289,0.099291,0.530966,0.340697,0.191547,0.052505,0.570406,0.480042,0.508101,0.162405,0.138624,1,0.240493,0.012973,0.242144,0.476081,0.335389,0.301517,0.31983,0.394532,0.374845,0.326911,0.401514,0.43582,0.328643,0.324788,0.243353,0.378606,0.044391,0.237008,0.300839,0.369696
37.109375,0.324953,0.035841,0.481689,0.338805,0.101282,0.07222,0.430528,0.329182,0.540202,0.102999,0.025201,1,0.153532,0.055593,0.042645,0.535059,0.317386,0.286286,0.148038,0.279094,0.305394,0.313872,0.318006,0.351886,0.253996,0.243082,0.281355,0.329146,0.009508,0.221452,0.317484,0.337481
37.5,0.508636,0.031757,0.329605,0.187782,0.122749,0.017824,0.297592,0.215405,0.321805,0.059565,0.097858,1,0.080735,0.092342,0.21052,0.481732,0.220362,0.212493,0.121689,0.216661,0.247328,0.193776,0.23729,0.259743,0.114696,0.092457,0.153609,0.26738,0.049495,0.117999,0.184818,0.240066
37.890625,0.416825,0.047186,0.508026,0.324591,0.296541,0.069786,0.509614,0.500251,0.511533,0.110056,0.275531,1,0.184569,0.026397,0.336524,0.669651,0.394356,0.372616,0.075782,0.259329,0.364955,0.284177,0.278327,0.327719,0.189735,0.178964,0.314296,0.374647,0.051653,0.267456,0.341656,0.408048
38.28125,0.315925,0.138304,0.49788,0.373354,0.18362,0.119366,0.495877,0.482049,0.515515,0.06042,0.045774,1,0.191078,0.010261,0.056846,0.528325,0.411621,0.413565,0.119562,0.316735,0.43141,0.434091,0.349006,0.401513,0.314538,0.310132,0.469326,0.418434,0.158466,0.437333,0.466205,0.458813
38.671875,0.438284,0.08848,0.368308,0.329595,0.214664,0.036055,0.399083,0.375108,0.317705,0.026563,0.12174,1,0.277652,0.076542,0.122949,0.550301,0.400285,0.40787,0.132911,0.354578,0.444175,0.434733,0.360698,0.387933,0.441636,0.453743,0.43241,0.426682,0.17674,0.405072,0.431137,0.475859
39.0625,0.56242,0.195455,0.549476,0.332871,0.395312,0.081802,0.597456,0.514771,0.586105,0.015905,0.201825,1,0.355844,0.18121,0.368221,0.585713,0.5711,0.554117,0.249527,0.425799,0.562098,0.545959,0.506042,0.487179,0.452176,0.386329,0.546675,0.563857,0.248488,0.523023,0.57221,0.57169
39.453125,0.503628,0.150127,0.611823,0.417741,0.428303,0.100149,0.595146,0.491683,0.446359,0.021814,0.2484,1,0.260447,0.105686,0.316246,0.575549,0.392572,0.379789,0.091404,0.252375,0.432777,0.403817,0.351706,0.349153,0.331536,0.288883,0.413245,0.443823,0.192909,0.378087,0.437321,0.450736
39.84375,0.597927,0.205035,0.549898,0.383217,0.402396,0.080494,0.620286,0.57055,0.432422,0.048593,0.158558,1,0.272565,0.195998,0.246788,0.621999,0.38142,0.381329,0.058264,0.225472,0.414738,0.388348,0.351527,0.386392,0.34383,0.325476,0.400601,0.473314,0.136634,0.373062,0.437039,0.483687
40.234375,0.460863,0.07834,0.549704,0.351934,0.345608,0.018307,0.540656,0.508413,0.426842,0.008662,0.105218,1,0.155408,0.047193,0.166363,0.526091,0.377858,0.365398,0.106806,0.316411,0.3951,0.39027,0.357208,0.404353,0.336696,0.348087,0.341122,0.428449,0.112543,0.346556,0.373625,0.437356
40.625,0.46533,0.100239,0.633805,0.40297,0.286295,0.095009,0.600167,0.595333,0.486138,0.031441,0.016797,1,0.199857,0.138771,0.081124,0.462391,0.509424,0.518492,0.256722,0.511824,0.506143,0.482509,0.512712,0.549141,0.447344,0.423634,0.436845,0.50712,0.100909,0.409653,0.4774,0.527462
41.015625,0.510231,0.019299,0.680035,0.402779,0.493083,0.023541,0.605485,0.56207,0.357059,0.022052,0.10003,1,0.218722,0.048278,0.256119,0.594778,0.494044,0.518283,0.221289,0.446285,0.488471,0.469898,0.475722,0.497143,0.361235,0.313103,0.419167,0.464616,0.112226,0.392257,0.479925,0.499103
41.40625,0.543467,0.04137,0.552154,0.426228,0.528759,0.046879,0.585546,0.583288,0.468357,0.029821,0.218856,1,0.176427,0.089142,0.286501,0.572638,0.32955,0.342688,0.115251,0.270877,0.330193,0.36061,0.347032,0.37378,0.239724,0.32106,0.294804,0.424976,0.050969,0.259461,0.360063,0.42754
41.796875,0.427452,0.13666,0.525145,0.474638,0.428665,0.174525,0.572679,0.547698,0.462662,0.015068,0.184524,1,0.264571,0.084368,0.239172,0.585952,0.447302,0.464701,0.103578,0.202521,0.400682,0.440077,0.312737,0.308744,0.254365,0.221946,0.45656,0.4695,0.209528,0.448778,0.471659,0.514525
42.1875,0.566489,0.11777,0.569397,0.454021,0.376703,0.047118,0.614824,0.579349,0.425411,0.000916,0.116094,1,0.219597,0.148425,0.264748,0.537133,0.349761,0.392154,0.052489,0.204321,0.332636,0.402862,0.269999,0.302062,0.262769,0.338831,0.380634,0.417605,0.108146,0.365425,0.408456,0.449317
42.578125,0.546009,0.26838,0.581937,0.437704,0.41188,0.067154,0.589325,0.530556,0.505321,0.015316,0.174279,1,0.181676,0.152907,0.329268,0.536863,0.337569,0.34386,0.088199,0.267657,0.35647,0.343349,0.312681,0.378296,0.261319,0.307533,0.332137,0.372619,0.079603,0.294876,0.354334,0.392801
42.96875,0.556489,0.220903,0.667944,0.459783,0.218631,0.064581,0.687982,0.546686,0.544269,0.012515,0.122386,1,0.248908,0.124386,0.253623,0.458939,0.465684,0.427375,0.136024,0.319717,0.491373,0.450595,0.415598,0.431022,0.354625,0.31131,0.422738,0.470904,0.132579,0.386103,0.444466,0.479443
43.359375,0.53701,0.09738,0.608803,0.46068,0.311077,0.083057,0.617902,0.551745,0.488744,0.008623,0.077576,1,0.340164,0.053471,0.153113,0.54817,0.467238,0.426702,0.039089,0.246513,0.400649,0.358024,0.300063,0.365921,0.192477,0.209851,0.371225,0.410021,0.126244,0.37318,0.388203,0.444301
43.75,0.638173,0.109809,0.679205,0.588147,0.512164,0.091735,0.691509,0.628381,0.486889,0.036896,0.210411,1,0.369675,0.14997,0.365313,0.585844,0.390545,0.397528,0.105306,0.256436,0.348257,0.346973,0.305975,0.346189,0.227087,0.230143,0.346876,0.367615,0.169618,0.383217,0.358615,0.381358
44.140625,0.617787,0.262446,0.552093,0.393727,0.314058,0.203373,0.613024,0.49486,0.450239,0.041383,0.202342,1,0.33239,0.331667,0.352985,0.693275,0.374177,0.337763,0.063909,0.209652,0.388956,0.328109,0.264898,0.318825,0.211306,0.196395,0.333818,0.399944,0.082319,0.329378,0.364491,0.40805
44.53125,0.478612,0.079334,0.498559,0.328984,0.20846,0.054443,0.527323,0.379457,0.354291,0.064386,0.139215,1,0.219811,0.096298,0.197392,0.500334,0.175553,0.193906,0.023629,0.082991,0.174076,0.164216,0.138234,0.169011,0.091503,0.081761,0.14337,0.214827,0.055966,0.147405,0.192329,0.193643
44.921875,0.444271,0.101019,0.664948,0.412447,0.327556,0.059375,0.526233,0.468845,0.438378,0.012503,0.072242,1,0.207788,0.108918,0.221379,0.493683,0.317185,0.314248,0.043595,0.190448,0.310416,0.242259,0.211716,0.251749,0.145098,0.12319,0.258809,0.273806,0.034531,0.257672,0.269266,0.315785
45.3125,0.501865,0.079373,0.629462,0.440353,0.455592,0.115017,0.605097,0.491996,0.469938,0.019314,0.088785,1,0.14101,0.160416,0.269891,0.599615,0.356903,0.356934,0.02779,0.249082,0.308388,0.265376,0.237468,0.30248,0.145608,0.144103,0.2602,0.327923,0.041218,0.258482,0.275773,0.353077
45.703125,0.476158,0.180943,0.502181,0.356864,0.273,0.077918,0.599608,0.486499,0.442813,0.02751,0.03226,1,0.252527,0.164582,0.175677,0.616293,0.461671,0.422154,0.119154,0.33911,0.421339,0.347812,0.380583,0.436633,0.270128,0.251699,0.336723,0.454009,0.045029,0.291208,0.380942,0.451915
46.09375,0.44172,0.183217,0.626035,0.487586,0.314659,0.086797,0.651866,0.591196,0.520574,0.009171,0.157616,1,0.258116,0.143257,0.195984,0.61727,0.547279,0.516854,0.191122,0.459968,0.553954,0.515651,0.498923,0.587342,0.388648,0.383513,0.49386,0.571669,0.093388,0.447456,0.538702,0.554824
46.484375,0.551293,0.219666,0.574145,0.349497,0.248062,0.071158,0.543826,0.472926,0.416365,0.031787,0.111604,1,0.211146,0.145222,0.1212,0.614848,0.340283,0.355881,0.047301,0.256378,0.358905,0.376532,0.305269,0.390364,0.261142,0.265399,0.35989,0.39436,0.065311,0.331497,0.393232,0.409094
46.875,0.58646,0.252745,0.633974,0.351195,0.356894,0.055396,0.598432,0.54611,0.403833,0.058651,0.139484,1,0.292172,0.173351,0.1953,0.648033,0.372426,0.32531,0.09279,0.277068,0.346878,0.353234,0.336663,0.352806,0.291573,0.297155,0.357041,0.397295,0.043722,0.320566,0.381975,0.427795
47.265625,0.535072,0.11185,0.605305,0.392141,0.371634,0.032971,0.64297,0.533518,0.602299,0.146514,0.159009,1,0.182646,0.155741,0.341621,0.505871,0.412124,0.38995,0.11774,0.349172,0.377411,0.392995,0.398096,0.446452,0.327405,0.303339,0.37416,0.477629,0.042965,0.321197,0.43416,0.46799
47.65625,0.303815,0.259735,0.498923,0.234604,0.302799,0.151448,0.504907,0.464504,0.475295,0.076932,0.032765,1,0.166291,0.121733,0.14153,0.430311,0.371102,0.352317,0.13431,0.289008,0.358907,0.373254,0.320083,0.346327,0.35549,0.341101,0.384805,0.415793,0.077556,0.370783,0.403629,0.425273
48.046875,0.408514,0.121013,0.44665,0.19178,0.090496,0.043337,0.458366,0.385304,0.352706,0.048947,0.064206,1,0.147487,0.061129,0.212804,0.486935,0.39629,0.388575,0.195357,0.379878,0.409217,0.414935,0.383921,0.405204,0.434548,0.405676,0.385436,0.460274,0.086117,0.365899,0.435667,0.467868
48.4375,0.552281,0.066848,0.521907,0.274894,0.104374,0.030724,0.527188,0.44694,0.383403,0.031396,0.082634,1,0.141155,0.156297,0.097817,0.410566,0.392749,0.390707,0.175009,0.362113,0.399739,0.424326,0.39591,0.408614,0.347027,0.395449,0.364076,0.441023,0.035962,0.314473,0.408362,0.458789
48.828125,0.513085,0.159044,0.548732,0.384388,0.180875,0.030375,0.619227,0.510986,0.485351,0.02166,0.053997,1,0.144165,0.051695,0.072086,0.57352,0.497966,0.495647,0.144467,0.346589,0.498187,0.489171,0.440141,0.446774,0.261997,0.219925,0.400735,0.477418,0.16268,0.406848,0.409223,0.467746
49.21875,0.502264,0.110939,0.604557,0.321484,0.179482,0.013604,0.624418,0.539883,0.496536,0.04046,0.048178,1,0.164312,0.022985,0.136927,0.605515,0.489241,0.452898,0.040564,0.288246,0.425673,0.410985,0.342379,0.41752,0.180491,0.189905,0.399523,0.478262,0.064525,0.368848,0.422957,0.471915
49.609375,0.618495,0.101124,0.716267,0.513893,0.480302,0.059999,0.747779,0.717815,0.455314,0.08794,0.031762,1,0.148292,0.026707,0.202426,0.673759,0.519607,0.498579,0.175875,0.434678,0.477692,0.481189,0.480209,0.547426,0.372236,0.40614,0.436897,0.548715,0.052262,0.375348,0.507418,0.513107
50,0.585194,0.110727,0.652104,0.495559,0.330875,0.105864,0.630449,0.574484,0.454611,0.119723,0.001581,1,0.187096,0.091554,0.112329,0.573771,0.444374,0.460029,0.12869,0.32167,0.443515,0.397885,0.389106,0.437764,0.324154,0.328489,0.42347,0.489779,0.036309,0.369482,0.464229,0.488331
50.390625,0.515781,0.143474,0.626122,0.458801,0.421405,0.106531,0.6028,0.600575,0.420659,0.038893,0.12609,1,0.153397,0.112013,0.104258,0.589239,0.49137,0.500647,0.060013,0.282074,0.429442,0.387586,0.377985,0.403663,0.340371,0.321474,0.44444,0.516724,0.060595,0.381493,0.479416,0.52335
50.78125,0.360217,0.039711,0.664707,0.377002,0.316584,0.121624,0.602242,0.598271,0.550101,0.042839,0.030655,1,0.236538,0.069414,0.084972,0.504474,0.526628,0.476169,0.216881,0.440017,0.583512,0.560747,0.510786,0.517674,0.449187,0.392835,0.52373,0.566145,0.051523,0.483686,0.557307,0.565969
51.171875,0.498346,0.047204,0.545566,0.44741,0.372149,0.029116,0.551643,0.563126,0.524577,0.02194,0.08362,1,0.108406,0.051424,0.160559,0.545829,0.444827,0.436162,0.237138,0.400826,0.432508,0.457005,0.453171,0.46575,0.362174,0.361894,0.416657,0.478935,0.118798,0.393621,0.449881,0.441536
51.5625,0.460266,0.055551,0.561721,0.524571,0.415151,0.006356,0.652173,0.609688,0.396609,0.02146,0.099558,1,0.178343,0.045922,0.15939,0.571048,0.282845,0.295428,0.091421,0.262349,0.313007,0.314049,0.307946,0.357726,0.279997,0.279787,0.293565,0.391736,0.012571,0.264128,0.348647,0.366363
51.953125,0.40125,0.156954,0.574329,0.439571,0.201433,0.113176,0.56182,0.584048,0.512593,0.023926,0.091494,1,0.10886,0.138557,0.084336,0.501155,0.369302,0.363309,0.010084,0.244848,0.270427,0.269419,0.281521,0.344668,0.157309,0.169357,0.255087,0.356044,0.025468,0.210955,0.326095,0.352285
52.34375,0.281765,0.179332,0.508751,0.40888,0.200383,0.121481,0.544873,0.509827,0.503723,0.031301,0.06058,1,0.221203,0.199481,0.088443,0.588886,0.201259,0.185838,0.042701,0.223087,0.156178,0.170341,0.214363,0.298277,0.141732,0.219725,0.124336,0.224828,0.063585,0.100675,0.172539,0.219713
52.734375,0.544864,0.104958,0.41105,0.390729,0.062139,0.001523,0.457847,0.450521,0.268862,0.037014,0.044959,1,0.016853,0.05194,0.049099,0.401543,0.236763,0.219625,0.134601,0.242949,0.241334,0.224925,0.249083,0.256353,0.191443,0.260803,0.173137,0.250989,0.011798,0.112041,0.244311,0.261386
53.125,0.546373,0.051933,0.51181,0.425155,0.35383,0.028,0.570619,0.498848,0.432448,0.015318,0.026125,1,0.159359,0.111385,0.130311,0.548089,0.289949,0.261303,0.061752,0.246691,0.29305,0.261129,0.271034,0.307325,0.156289,0.153444,0.207627,0.3176,0.007831,0.139819,0.27623,0.321573
53.515625,0.514698,0.0258,0.563304,0.351255,0.380964,0.062884,0.501568,0.429889,0.500129,0.006166,0.033376,1,0.163899,0.090661,0.156169,0.551881,0.331529,0.302215,0.028692,0.15363,0.281034,0.282005,0.195207,0.261953,0.19209,0.205806,0.354744,0.335174,0.110906,0.341401,0.345392,0.369874
53.90625,0.477382,0.112249,0.650062,0.511237,0.243297,0.148521,0.619122,0.550535,0.520994,0.014375,0.092733,1,0.351648,0.127597,0.228227,0.550005,0.488048,0.510585,0.117519,0.323467,0.431069,0.475764,0.364107,0.423157,0.409675,0.410378,0.567931,0.50636,0.165885,0.566809,0.541892,0.546886
54.296875,0.57761,0.138059,0.66262,0.502552,0.281655,0.078738,0.665242,0.615137,0.463204,0.029592,0.078259,1,0.181304,0.108496,0.309744,0.450065,0.46986,0.462423,0.123378,0.30861,0.422054,0.423091,0.379402,0.408493,0.365443,0.357612,0.459195,0.515786,0.048177,0.405639,0.503482,0.52838
54.6875,0.384175,0.027049,0.621605,0.494599,0.463938,0.074325,0.632661,0.608194,0.493611,0.079351,0.067399,1,0.263197,0.150311,0.196976,0.509047,0.364651,0.372686,0.011004,0.18738,0.318218,0.306978,0.228129,0.317271,0.27544,0.253292,0.381776,0.416321,0.043204,0.356996,0.401442,0.442141
55.078125,0.445815,0.025039,0.542942,0.391889,0.498715,0.064033,0.625018,0.508377,0.584183,0.03637,0.125585,1,0.222786,0.123309,0.204655,0.573992,0.296064,0.282689,0.187125,0.349501,0.27198,0.305305,0.348425,0.403618,0.299999,0.319979,0.232298,0.360431,0.026931,0.170632,0.293375,0.310327
55.46875,0.461264,0.022043,0.529578,0.285547,0.32587,0.065136,0.418932,0.393602,0.449665,0.025762,0.177356,1,0.156893,0.108922,0.194886,0.550219,0.463222,0.445549,0.174781,0.387985,0.414079,0.471298,0.411058,0.448367,0.376895,0.380839,0.435589,0.496277,0.076408,0.39326,0.449738,0.456635
55.859375,0.340177,0.138047,0.522756,0.323511,0.26771,0.139805,0.487231,0.420937,0.522197,0.058855,0.095647,1,0.286269,0.188641,0.123578,0.434432,0.329198,0.362175,0.047771,0.2224,0.224853,0.323717,0.255792,0.318308,0.197181,0.231408,0.292331,0.326267,0.089349,0.267494,0.280929,0.324829
56.25,0.363001,0.018315,0.464815,0.338231,0.134342,0.07433,0.479319,0.380068,0.441702,0.046127,0.070741,1,0.228611,0.060054,0.177896,0.488316,0.381071,0.373879,0.080684,0.250745,0.315255,0.3209,0.303106,0.372361,0.231861,0.261586,0.35217,0.405662,0.009517,0.275006,0.373213,0.39797
56.640625,0.526755,0.209317,0.542946,0.398136,0.236404,0.18636,0.620141,0.566373,0.395622,0.095687,0.102406,1,0.290352,0.05897,0.166229,0.547256,0.507274,0.470625,0.096828,0.285369,0.395217,0.397863,0.337605,0.411942,0.240783,0.235558,0.397823,0.455356,0.020606,0.297443,0.437465,0.448993
57.03125,0.469401,0.148647,0.573724,0.485068,0.368507,0.059534,0.631154,0.594443,0.359393,0.073745,0.204211,1,0.181596,0.083426,0.219477,0.448538,0.452561,0.415534,0.138356,0.320282,0.405191,0.397049,0.367921,0.423109,0.373015,0.292535,0.427238,0.462368,0.038993,0.362005,0.442982,0.455433
57.421875,0.433556,0.218615,0.470809,0.333617,0.301206,0.062694,0.503786,0.459673,0.408558,0.082037,0.056652,1,0.200151,0.108669,0.101427,0.486644,0.363639,0.319616,0.03269,0.217427,0.328405,0.286326,0.281347,0.30997,0.270477,0.192167,0.366165,0.340575,0.075714,0.331334,0.36383,0.354627
57.8125,0.297522,0.063736,0.583091,0.417693,0.276038,0.010903,0.630723,0.518795,0.514072,0.064751,0.079137,1,0.140097,0.170503,0.019891,0.377717,0.346308,0.358952,0.076592,0.245327,0.275209,0.303251,0.267222,0.289734,0.27837,0.286708,0.38512,0.329023,0.053126,0.337835,0.363438,0.368301
58.203125,0.460216,0.102518,0.569784,0.345952,0.403203,0.02161,0.552492,0.453192,0.507466,0.024527,0.04753,1,0.113581,0.075526,0.069419,0.378212,0.375083,0.389311,0.040621,0.180794,0.283139,0.329316,0.245854,0.258282,0.220931,0.172441,0.380752,0.347147,0.109208,0.366604,0.364801,0.41048
58.59375,0.513341,0.034187,0.576665,0.478598,0.223597,0.030954,0.559531,0.530772,0.514312,0.009091,0.14135,1,0.081118,0.079305,0.088859,0.532247,0.382495,0.404467,0.072693,0.210342,0.35283,0.370093,0.305119,0.31841,0.229259,0.192606,0.364127,0.390708,0.116832,0.363518,0.37089,0.375008
58.984375,0.45421,0.139462,0.57919,0.379307,0.287493,0.092468,0.535195,0.507493,0.472161,0.003558,0.142995,1,0.200362,0.029378,0.097707,0.439113,0.483217,0.481973,0.12599,0.321248,0.403554,0.452282,0.341436,0.38007,0.28567,0.315683,0.510927,0.411107,0.24699,0.489959,0.460753,0.436328
59.375,0.417771,0.08215,0.619901,0.464996,0.39705,0.054882,0.580554,0.486707,0.518074,0.042269,0.040543,1,0.130632,0.090256,0.061186,0.444181,0.47347,0.470938,0.170195,0.389941,0.438113,0.472719,0.416066,0.459458,0.387509,0.406803,0.50963,0.470071,0.119407,0.482304,0.476689,0.503273
59.765625,0.41996,0.291857,0.357096,0.240937,0.25668,0.229876,0.606027,0.531649,0.57886,0.107355,0.269991,1,0.218448,0.107668,0.088176,0.280366,0.204773,0.223504,0.04377,0.147183,0.21121,0.254899,0.166915,0.205507,0.218643,0.215262,0.277753,0.254373,0.101931,0.32994,0.269647,0.265442
60.15625,0.537158,0.365292,0.246286,0.123612,0.174497,0.163022,0.520761,0.425492,0.623328,0.28849,0.410434,1,0.287733,0.268433,0.200478,0.32374,0.177858,0.221407,0.003306,0.083946,0.156475,0.231469,0.124724,0.137802,0.167555,0.156508,0.241464,0.236829,0.103892,0.301133,0.222296,0.203797
60.546875,0.525503,0.099511,0.376509,0.268073,0.271211,0.056573,0.420377,0.432145,0.345726,0.00395,0.165987,1,0.129556,0.087889,0.174168,0.514551,0.26967,0.295404,0.013702,0.176926,0.248318,0.229195,0.236969,0.255056,0.117554,0.169598,0.231896,0.278784,0.032251,0.237215,0.256481,0.277104
60.9375,0.510087,0.075684,0.378925,0.248566,0.102224,0.111649,0.429074,0.386032,0.343703,0.062692,0.025315,1,0.304059,0.165088,0.165176,0.451435,0.209462,0.244351,0.026259,0.156702,0.187316,0.220307,0.173801,0.205866,0.160641,0.180809,0.204961,0.243863,0.058598,0.200932,0.217426,0.252845
61.328125,0.343983,0.066969,0.467853,0.350511,0.157194,0.052647,0.383238,0.263328,0.303197,0.00882,0.042049,1,0.187765,0.097134,0.058543,0.457261,0.200455,0.228241,0.049023,0.161485,0.186496,0.226582,0.173626,0.213502,0.166851,0.207332,0.196986,0.23642,0.017626,0.184708,0.225304,0.255911
61.71875,0.438744,0.098028,0.553718,0.202803,0.121281,0.015561,0.502988,0.386679,0.334772,0.070915,0.026269,1,0.111322,0.071503,0.044056,0.425398,0.345269,0.360678,0.027097,0.146312,0.258316,0.232299,0.182008,0.227326,0.103268,0.135388,0.264695,0.285378,0.06557,0.245202,0.291242,0.30884
62.109375,0.530326,0.058762,0.503458,0.273256,0.340058,0.057332,0.527924,0.379107,0.2925,0.036527,0.062535,1,0.093516,0.076772,0.174154,0.498823,0.461895,0.47681,0.080682,0.326129,0.425322,0.431523,0.399289,0.456449,0.330716,0.268874,0.406966,0.503107,0.026429,0.309976,0.470472,0.488418
62.5,0.544931,0.193637,0.448292,0.317688,0.268623,0.084948,0.515852,0.357915,0.383168,0.008817,0.059256,1,0.101805,0.140788,0.313058,0.646997,0.509625,0.458961,0.040063,0.321992,0.470418,0.460839,0.419081,0.449658,0.323584,0.273445,0.502861,0.529036,0.045908,0.388227,0.52655,0.514951
62.890625,0.449801,0.178579,0.475568,0.341016,0.293266,0.070272,0.584484,0.495622,0.320284,0.03553,0.048354,1,0.173889,0.063471,0.066837,0.496501,0.380152,0.365353,0.059221,0.283462,0.35335,0.328768,0.341472,0.362458,0.265429,0.230067,0.363989,0.430672,0.008121,0.301651,0.417118,0.436063
63.28125,0.434717,0.041379,0.463652,0.317684,0.216893,0.063886,0.451345,0.381412,0.219039,0.020147,0.050556,1,0.106484,0.037055,0.092755,0.38489,0.332872,0.358056,0.013851,0.13064,0.216608,0.303399,0.197199,0.265731,0.213424,0.218754,0.384124,0.360356,0.153455,0.339476,0.411702,0.395997
63.671875,0.469738,0.148798,0.634276,0.450608,0.286469,0.183643,0.632823,0.544137,0.448437,0.136297,0.046449,1,0.329898,0.099283,0.03438,0.523071,0.377534,0.422986,0.038824,0.318214,0.36068,0.433374,0.362594,0.445355,0.338067,0.356175,0.432571,0.437831,0.046333,0.343359,0.437205,0.441521
64.0625,0.252263,0.07973,0.383681,0.228204,0.132472,0.05727,0.43561,0.404058,0.395147,0.01935,0.021278,1,0.306627,0.043504,0.080829,0.290233,0.203338,0.20651,0.066284,0.1783,0.221859,0.237733,0.229719,0.269612,0.25699,0.21553,0.251095,0.244086,0.021146,0.187074,0.247015,0.258602
64.453125,0.569391,0.042019,0.655019,0.427586,0.229862,0.071941,0.639815,0.628799,0.534737,0.082436,0.016954,1,0.270161,0.167306,0.026122,0.347021,0.546165,0.551305,0.230032,0.543756,0.533429,0.505262,0.561906,0.636379,0.462023,0.465974,0.496104,0.596552,0.021862,0.398052,0.571376,0.571143
64.84375,0.428776,0.04368,0.609714,0.419356,0.362161,0.018512,0.652574,0.54678,0.387838,0.035543,0.053903,1,0.195921,0.143653,0.039681,0.45685,0.505283,0.492016,0.051615,0.358556,0.477305,0.510153,0.408332,0.455364,0.414288,0.407478,0.569735,0.55704,0.06062,0.483369,0.568999,0.571417
65.234375,0.377501,0.08859,0.479871,0.300025,0.231911,0.031215,0.53272,0.440627,0.427343,0.080087,0.045659,1,0.326616,0.078743,0.044446,0.408792,0.447743,0.438295,0.048138,0.278236,0.414729,0.409784,0.364732,0.438144,0.288061,0.238961,0.455462,0.505876,0.081815,0.344247,0.492122,0.499726
65.625,0.371616,0.091467,0.502105,0.221052,0.267754,0.038816,0.492533,0.407416,0.318512,0.108329,0.089943,1,0.108159,0.022626,0.073961,0.562902,0.40004,0.358827,0.093847,0.280476,0.431887,0.340003,0.37503,0.416292,0.269433,0.249804,0.363129,0.486145,0.064405,0.299735,0.437348,0.449761
66.015625,0.333283,0.123506,0.369078,0.245389,0.187837,0.054152,0.397173,0.29798,0.356558,0.011518,0.070971,1,0.049723,0.040485,0.093714,0.455071,0.310964,0.322587,0.099593,0.275389,0.28798,0.310027,0.305537,0.368642,0.279694,0.334042,0.310194,0.381518,0.006439,0.254243,0.366207,0.366681
66.40625,0.257101,0.069449,0.221058,0.225999,0.184501,0.000497,0.234381,0.279976,0.23497,0.012894,0.034266,1,0.058341,0.002122,0.060011,0.316831,0.167609,0.201842,0.049811,0.11248,0.112622,0.182944,0.126776,0.142195,0.088539,0.106225,0.151874,0.163951,0.019107,0.151361,0.171661,0.197608
66.796875,0.37506,0.056604,0.332575,0.219512,0.203953,0.026802,0.378181,0.354968,0.356491,0.039152,0.068066,1,0.121283,0.003527,0.126552,0.411737,0.223218,0.226375,0.038371,0.196525,0.194835,0.199578,0.190669,0.235531,0.160419,0.192347,0.20015,0.227209,0.025691,0.185801,0.217334,0.253054
67.1875,0.253141,0.033333,0.352359,0.181519,0.257929,0.014996,0.342243,0.325136,0.407682,0.020916,0.050274,1,0.046498,0.007626,0.110588,0.391396,0.147727,0.13779,0.022617,0.084983,0.107803,0.093156,0.113248,0.13114,0.083401,0.074228,0.118453,0.161828,0.00988,0.062351,0.134322,0.155295
67.578125,0.430864,0.135937,0.497685,0.203505,0.230992,0.063984,0.540254,0.459767,0.526696,0.028711,0.123857,1,0.287809,0.009839,0.233192,0.594694,0.438394,0.423684,0.170755,0.344214,0.40982,0.409605,0.397456,0.405466,0.413582,0.344882,0.435787,0.492141,0.002002,0.32262,0.508294,0.495601
67.96875,0.312377,0.112769,0.410478,0.252224,0.179556,0.023392,0.479148,0.375105,0.298999,0.024715,0.048547,1,0.190538,0.031524,0.022789,0.303936,0.323276,0.311158,0.078223,0.225309,0.230004,0.244127,0.240415,0.296852,0.166481,0.178979,0.25309,0.308533,0.082166,0.246059,0.288836,0.309684
68.359375,0.386158,0.086919,0.420151,0.362444,0.139019,0.018791,0.444959,0.339396,0.214481,0.114601,0.000528,1,0.133367,0.081245,0.030905,0.342129,0.394559,0.399857,0.021543,0.16127,0.271064,0.27763,0.182515,0.257373,0.141746,0.096761,0.311049,0.317547,0.055473,0.337901,0.323851,0.328444
68.75,0.392401,0.034601,0.515851,0.529541,0.244739,0.080606,0.538052,0.471827,0.455906,0.094447,0.066176,1,0.341941,0.191083,0.111792,0.339883,0.21222,0.229438,0.023018,0.093586,0.155847,0.138292,0.116973,0.15457,0.131102,0.139179,0.213364,0.201981,0.028159,0.226769,0.209071,0.214712
69.140625,0.378744,0.012453,0.489597,0.260148,0.253914,0.012612,0.466622,0.341441,0.363834,0.011251,0.110057,1,0.072285,0.067641,0.095028,0.482221,0.317972,0.285125,0.079552,0.225163,0.307738,0.269158,0.26541,0.257422,0.240386,0.267028,0.330886,0.362383,0.061127,0.31589,0.331628,0.374557
69.53125,0.301185,0.009568,0.504908,0.352578,0.198119,0.05839,0.460189,0.396466,0.412154,0.080538,0.067722,1,0.268454,0.103414,0.064124,0.354411,0.290308,0.237427,0.099008,0.232425,0.255862,0.169896,0.26547,0.269723,0.217807,0.199722,0.238545,0.287147,0.037427,0.162218,0.266904,0.28166
69.921875,0.274684,0.006191,0.358001,0.202578,0.19102,0.057309,0.335554,0.321748,0.364707,0.056668,0.101551,1,0.230451,0.030437,0.063958,0.351145,0.338667,0.323239,0.126686,0.285426,0.290069,0.287974,0.321142,0.326199,0.229691,0.203982,0.276795,0.320319,0.001689,0.220703,0.318179,0.319844
70.3125,0.268832,0.007323,0.375418,0.309446,0.258592,0.046513,0.362799,0.29556,0.40723,0.008362,0.028298,1,0.26633,0.005818,0.075542,0.443654,0.212274,0.200768,0.036165,0.126006,0.144569,0.149106,0.141932,0.198832,0.115544,0.110225,0.142958,0.187185,0.000115,0.107291,0.180593,0.166258
70.703125,0.365317,0.023654,0.317185,0.239856,0.279705,0.061367,0.329377,0.292715,0.323707,0.006923,0.062078,1,0.207577,0.004727,0.03628,0.47472,0.204011,0.20193,0.048779,0.195891,0.220835,0.187736,0.201157,0.248379,0.11261,0.142969,0.171067,0.259687,0.037956,0.109329,0.229138,0.23571
71.09375,0.167547,0.007357,0.353488,0.197095,0.148959,0.024025,0.433515,0.367116,0.346075,0.034821,0.029007,1,0.130503,0.023198,0.071394,0.37513,0.188125,0.205619,0.072998,0.143994,0.154042,0.163404,0.144887,0.178271,0.147552,0.161123,0.195582,0.210846,0.006047,0.159704,0.210822,0.232482
71.484375,0.262875,0.028557,0.425072,0.293311,0.180297,0.057714,0.412464,0.315183,0.331972,0.023732,0.025109,1,0.132621,0.04144,0.055466,0.261963,0.221252,0.18291,0.046153,0.124067,0.235463,0.214872,0.181663,0.194032,0.146794,0.100027,0.245074,0.23784,0.044865,0.185681,0.233857,0.235934
71.875,0.399281,0.015317,0.479824,0.418489,0.185522,0.030095,0.435174,0.354363,0.297911,0.03014,0.054788,1,0.187815,0.008583,0.085383,0.335802,0.213006,0.188161,0.049946,0.123149,0.221636,0.18725,0.156345,0.195196,0.120371,0.068174,0.198681,0.239805,0.031194,0.18785,0.187749,0.207878
72.265625,0.272109,0.08801,0.269547,0.111702,0.216138,0.011953,0.325104,0.221534,0.29108,0.061034,0.068989,1,0.298513,0.04919,0.154091,0.401414,0.324656,0.296087,0.067654,0.231473,0.34242,0.346541,0.28672,0.313357,0.289147,0.264274,0.291407,0.429132,0.013802,0.211155,0.37487,0.418742
72.65625,0.257328,0.065428,0.430367,0.245248,0.156147,0.019856,0.366617,0.296395,0.498762,0.069992,0.094948,1,0.267696,0.015164,0.187497,0.482805,0.292418,0.235479,0.030105,0.133978,0.256461,0.203878,0.201467,0.196822,0.177419,0.132199,0.258469,0.29041,0.037464,0.226399,0.297818,0.287749
73.046875,0.49202,0.019698,0.330867,0.147763,0.13894,0.075182,0.265274,0.149319,0.227201,0.022579,0.204006,1,0.112789,0.027349,0.132518,0.300522,0.341559,0.352654,0.059971,0.227048,0.251087,0.274586,0.273092,0.280393,0.235728,0.261486,0.30313,0.327013,0.111473,0.296691,0.301562,0.305284
73.4375,0.316497,0.030467,0.309809,0.164113,0.092614,0.062006,0.296569,0.198011,0.312444,0.049633,0.094016,1,0.157742,0.032553,0.139217,0.241307,0.306209,0.330195,0.038804,0.198835,0.254567,0.207669,0.226019,0.256433,0.117019,0.138406,0.234522,0.303935,0.055482,0.198106,0.279654,0.283646
73.828125,0.413605,0.094198,0.343366,0.193088,0.181555,0.064177,0.342119,0.241999,0.200097,0.024812,0.078449,1,0.058836,0.012289,0.09217,0.337815,0.385312,0.342457,0.037896,0.251432,0.334799,0.288672,0.29236,0.307412,0.149442,0.130919,0.274536,0.346696,0.04146,0.254748,0.312438,0.32938
74.21875,0.407376,0.004584,0.494942,0.307055,0.344872,0.066334,0.596255,0.458777,0.430759,0.005185,0.180935,1,0.203865,0.002312,0.019021,0.525664,0.397348,0.373107,0.072436,0.255426,0.333256,0.324381,0.294425,0.304621,0.218963,0.181921,0.321764,0.374157,0.078935,0.277762,0.350452,0.378388
74.609375,0.345864,0.057554,0.482568,0.333959,0.1544,0.073651,0.480082,0.356717,0.350033,0.051333,0.064828,1,0.262134,0.100976,0.028066,0.414675,0.417672,0.394703,0.098706,0.245834,0.288147,0.299985,0.279206,0.286946,0.143198,0.14921,0.280112,0.31726,0.0556,0.269098,0.312579,0.342793
75,0.317111,0.014394,0.491424,0.426717,0.144437,0.09669,0.462851,0.409836,0.398385,0.084166,0.011255,1,0.245854,0.1249,0.024847,0.255614,0.287093,0.27103,0.09287,0.166727,0.208349,0.206644,0.188788,0.177155,0.101898,0.098375,0.191482,0.20665,0.066528,0.200186,0.20126,0.218358
75.390625,0.610717,0.019428,0.537018,0.3959,0.338441,0.11151,0.538544,0.483054,0.416646,0.021459,0.072222,1,0.139825,0.043688,0.080219,0.473942,0.337165,0.328074,0.162834,0.308195,0.347676,0.306395,0.308884,0.359145,0.327808,0.260515,0.350617,0.342145,0.167158,0.346085,0.358226,0.387405
75.78125,0.362308,0.004968,0.502719,0.343788,0.282579,0.112578,0.508291,0.477835,0.45964,0.048098,0.079627,1,0.265328,0.045195,0.028702,0.487782,0.445615,0.452986,0.080221,0.280047,0.362897,0.368467,0.332314,0.375884,0.288209,0.280748,0.436115,0.439133,0.045334,0.376452,0.466049,0.471858
76.171875,0.253768,0.040008,0.351735,0.302659,0.159743,0.027211,0.539694,0.424147,0.314208,0.089066,0.066954,1,0.161104,0.059487,0.053062,0.282188,0.327733,0.301942,0.009519,0.106085,0.197644,0.218813,0.169006,0.193965,0.19033,0.159745,0.339001,0.277667,0.017875,0.315054,0.334513,0.33625
76.5625,0.340168,0.048712,0.433386,0.314254,0.154702,0.012356,0.488847,0.391069,0.260511,0.064114,0.050155,1,0.136234,0.014568,0.043949,0.258716,0.256734,0.287955,0.064154,0.196471,0.181211,0.210927,0.214578,0.240223,0.128247,0.148965,0.23137,0.235862,0.063656,0.183856,0.241809,0.218147
76.953125,0.200156,0.038411,0.285473,0.235094,0.122662,0.011747,0.326381,0.242805,0.134875,0.01742,0.009089,1,0.160536,0.019864,0.031872,0.221727,0.156676,0.161511,0.056577,0.078348,0.071574,0.082282,0.075624,0.096968,0.034342,0.071071,0.099235,0.091857,0.009559,0.079793,0.094899,0.110806
77.34375,0.226631,0.014095,0.413935,0.272134,0.221693,0.084016,0.314806,0.304321,0.258026,0.051616,0.044936,1,0.115309,0.03721,0.026557,0.254934,0.18161,0.17794,0.018486,0.085038,0.140343,0.119397,0.085466,0.114187,0.058045,0.054811,0.157451,0.142416,0.013424,0.147274,0.14154,0.158545
77.734375,0.297616,0.012217,0.337032,0.243404,0.191961,0.100423,0.290767,0.208188,0.27496,0.039023,0.085822,1,0.110131,0.013495,0.039039,0.44387,0.15136,0.122235,0.013786,0.079627,0.115779,0.094882,0.103551,0.12101,0.085185,0.092041,0.121779,0.140877,0.018511,0.107894,0.11853,0.149976
78.125,0.275653,0.120715,0.44779,0.204025,0.347397,0.056799,0.428695,0.361573,0.233839,0.02315,0.029997,1,0.044099,0.003086,0.100335,0.477856,0.222416,0.236425,0.055655,0.071194,0.156193,0.111261,0.082071,0.133306,0.0547,0.065418,0.209576,0.179777,0.040554,0.252846,0.154982,0.191551
78.515625,0.259344,0.077943,0.280583,0.138917,0.094134,0.0381,0.245494,0.179063,0.218575,0.050731,0.025325,1,0.093987,0.005172,0.047931,0.40323,0.166284,0.146924,0.023261,0.105381,0.196555,0.160635,0.160725,0.191071,0.173293,0.184334,0.186328,0.232016,0.036993,0.18375,0.209865,0.217609
78.90625,0.305111,0.033478,0.309594,0.142131,0.31553,0.167096,0.264163,0.166812,0.224654,0.018209,0.211582,1,0.133635,0.021818,0.175963,0.505833,0.143682,0.14334,0.015593,0.076381,0.154314,0.128777,0.103655,0.135761,0.095278,0.120113,0.173609,0.205224,0.010806,0.155505,0.178347,0.220214
79.296875,0.331836,0.010628,0.373213,0.126218,0.244402,0.088702,0.38023,0.299737,0.347542,0.051672,0.111651,1,0.082683,0.005712,0.191837,0.390086,0.270523,0.276853,0.126484,0.275578,0.281764,0.239684,0.264866,0.31006,0.194182,0.177413,0.252987,0.254854,0.084386,0.224418,0.24725,0.250685
79.6875,0.18432,0.032551,0.376045,0.398067,0.316136,0.035851,0.37529,0.243735,0.309298,0.017642,0.072919,1,0.153657,0.043115,0.070101,0.400929,0.223416,0.217776,0.091294,0.211137,0.245185,0.217627,0.203694,0.240782,0.172712,0.136319,0.21205,0.224309,0.010198,0.180957,0.21855,0.214099
80.078125,0.197133,0.090838,0.377008,0.20265,0.308058,0.038612,0.330808,0.257452,0.305212,0.00881,0.119814,1,0.194058,0.085019,0.033666,0.33097,0.271508,0.279122,0.066068,0.184004,0.255832,0.245886,0.204362,0.227461,0.125087,0.109421,0.238738,0.274984,0.016227,0.181523,0.264993,0.250258
80.46875,0.247517,0.031568,0.308978,0.232005,0.19209,0.062414,0.309129,0.213342,0.258592,0.072318,0.037092,1,0.082008,0.130918,0.001243,0.329281,0.248584,0.238503,0.047682,0.185357,0.243498,0.188193,0.18925,0.222801,0.155253,0.080671,0.200314,0.240587,0.088625,0.172192,0.204499,0.206833
80.859375,0.279748,0.009765,0.175698,0.19089,0.209347,0.004597,0.258914,0.166965,0.167305,0.036031,0.154168,1,0.044586,0.032888,0.101872,0.455201,0.188708,0.143685,0.105317,0.176453,0.181103,0.17204,0.213678,0.217262,0.172357,0.15221,0.148081,0.218484,0.014139,0.10576,0.181806,0.209391
81.25,0.303389,0.00462,0.147566,0.157715,0.204587,0.019114,0.198125,0.138245,0.114171,0.062343,0.141776,1,0.067888,0.02522,0.117491,0.545388,0.142999,0.135617,0.084609,0.108123,0.135938,0.157809,0.125073,0.121602,0.094132,0.059892,0.11402,0.144683,0.0183,0.092903,0.117692,0.146533
81.640625,0.249115,0.017875,0.215157,0.275763,0.221433,0.071132,0.237877,0.133868,0.225786,0.014801,0.086721,1,0.203984,0.009522,0.112946,0.483094,0.200163,0.246245,0.049896,0.058342,0.142806,0.103437,0.074424,0.131588,0.013883,0.042773,0.130886,0.160479,0.112829,0.108014,0.146193,0.148418
82.03125,0.198813,0.011472,0.252588,0.233464,0.176266,0.011498,0.189887,0.0899,0.293447,0.030135,0.120601,1,0.146187,0.02663,0.28108,0.348227,0.139004,0.158018,0.013853,0.035006,0.092914,0.082423,0.061765,0.094059,0.033295,0.034607,0.117779,0.120877,0.087937,0.142477,0.114677,0.136996
82.421875,0.038534,0.02627,0.178184,0.110143,0.130979,0.003625,0.203019,0.177378,0.226168,0.003208,0.006987,1,0.276618,0.016132,0.053417,0.210474,0.101827,0.132329,0.016033,0.053863,0.120331,0.143624,0.070532,0.122486,0.134886,0.083075,0.165408,0.166436,0.035003,0.131575,0.157815,0.195148
82.8125,0.067502,0.016072,0.165155,0.13172,0.165723,0.025721,0.218595,0.129475,0.181921,0.025036,0.061245,1,0.186714,0.00715,0.030771,0.285992,0.113023,0.157955,0.039409,0.068168,0.075054,0.094896,0.074937,0.116656,0.052799,0.028947,0.083586,0.106022,0.067283,0.058323,0.094009,0.078601
83.203125,0.246347,0.077038,0.422168,0.228742,0.268612,0.049679,0.340769,0.311737,0.260673,0.118016,0.044209,1,0.243192,0.040055,0.106991,0.169698,0.162581,0.159268,0.043687,0.089926,0.151452,0.144358,0.116116,0.121283,0.07788,0.044217,0.117563,0.147407,0.034067,0.093717,0.139198,0.142776
83.59375,0.308058,0.084294,0.328229,0.251613,0.244132,0.070233,0.367644,0.346035,0.208345,0.037796,0.06204,1,0.113051,0.046672,0.111606,0.24373,0.175486,0.209147,0.115034,0.172958,0.171881,0.232681,0.226681,0.221267,0.18808,0.205535,0.188973,0.235412,0.041027,0.141737,0.230142,0.225261
83.984375,0.286609,0.008441,0.304226,0.054139,0.105682,0.008966,0.303656,0.283939,0.239319,0.002726,0.129071,1,0.21237,0.001695,0.090663,0.451009,0.207925,0.242671,0.051929,0.082235,0.143023,0.152531,0.119608,0.155333,0.107934,0.147844,0.232871,0.209954,0.056505,0.229179,0.22004,0.246225
84.375,0.27529,0.048636,0.310983,0.210127,0.183572,0.001046,0.195192,0.147113,0.177531,0.017556,0.198714,1,0.158681,0.029884,0.128765,0.443144,0.223063,0.225776,0.060018,0.152922,0.220284,0.207473,0.163318,0.211878,0.212875,0.193147,0.246955,0.320712,0.064442,0.220923,0.307194,0.315417
84.765625,0.338687,0.04075,0.1588,0.145848,0.172162,0.002529,0.171682,0.091049,0.049883,0.0359,0.113854,1,0.031462,0.005032,0.125884,0.363003,0.145628,0.091823,0.052891,0.176024,0.176684,0.152566,0.178127,0.214922,0.143094,0.078366,0.10581,0.189428,0.052926,0.066526,0.160631,0.153866
85.15625,0.350743,0.04004,0.34454,0.197565,0.237713,0.008302,0.218448,0.206783,0.052594,0.028118,0.141566,1,0.043755,0.016831,0.103782,0.380928,0.154772,0.182517,0.062282,0.180665,0.152167,0.162284,0.188067,0.226585,0.140517,0.11727,0.115731,0.205048,0.005923,0.066648,0.175771,0.160629
85.546875,0.43907,0.02886,0.434757,0.306977,0.273306,0.028247,0.453655,0.400635,0.230618,0.022695,0.159337,1,0.071047,0.026359,0.100731,0.419288,0.170808,0.206319,0.011078,0.100491,0.095605,0.11629,0.120596,0.149675,0.054925,0.062641,0.103929,0.149546,0.020782,0.094613,0.135871,0.152853
85.9375,0.350467,0.08164,0.199478,0.187271,0.114727,0.004114,0.357428,0.30036,0.086619,0.006527,0.139496,1,0.09358,0.108712,0.096538,0.385536,0.259504,0.27754,0.008731,0.123112,0.171111,0.212788,0.171954,0.196349,0.093483,0.098267,0.192461,0.243586,0.011487,0.134432,0.247012,0.258172
86.328125,0.297322,0.024197,0.208467,0.237311,0.089424,0.018011,0.226511,0.251838,0.175961,0.061151,0.105064,1,0.204208,0.054513,0.063178,0.258642,0.070236,0.093569,0.005594,0.042312,0.080526,0.061588,0.053669,0.087396,0.061286,0.074127,0.077683,0.120324,0.046285,0.068418,0.104831,0.110492
86.71875,0.210099,0.031668,0.215772,0.087398,0.084676,0.049665,0.249648,0.228881,0.318414,0.006429,0.092045,1,0.114162,0.029817,0.111788,0.252659,0.139892,0.158309,0.062253,0.182715,0.162803,0.189396,0.152461,0.20458,0.122223,0.117105,0.135126,0.174152,0.04133,0.122799,0.175604,0.176275
87.109375,0.181822,0.042709,0.165767,0.028395,0.109426,0.043431,0.164264,0.180015,0.185694,0.023043,0.08366,1,0.08321,0.042734,0.153634,0.359094,0.290363,0.300465,0.116877,0.327417,0.313689,0.314811,0.310487,0.384304,0.229814,0.243161,0.25044,0.352078,0.008677,0.191055,0.310187,0.325069
87.5,0.188756,0.092514,0.235899,0.10888,0.170293,0.039901,0.285198,0.218163,0.137878,0.037391,0.068462,1,0.090036,0.036403,0.094032,0.271768,0.285588,0.23899,0.051179,0.166856,0.222257,0.160155,0.15325,0.202965,0.134931,0.125621,0.168318,0.269003,0.003656,0.131876,0.209889,0.270422
87.890625,0.260574,0.062652,0.142856,0.04123,0.024715,0.040666,0.109843,0.045254,0.084882,0.001567,0.005038,1,0.083811,0.019508,0.057275,0.223114,0.16486,0.215339,0.054823,0.089067,0.114011,0.134718,0.076877,0.106553,0.045579,0.057384,0.139021,0.156559,0.013198,0.141626,0.122934,0.198151
88.28125,0.319828,0.039557,0.180766,0.078827,0.080721,0.023722,0.170328,0.132129,0.177878,0.007891,0.021911,1,0.061669,0.007356,0.069957,0.23013,0.190629,0.19964,0.019018,0.10582,0.150815,0.126767,0.108277,0.149715,0.076533,0.086037,0.137502,0.173032,0.000725,0.109893,0.154896,0.213403
88.671875,0.176369,0.028012,0.114725,0.004802,0.095022,0.025862,0.14823,0.143797,0.152709,0.019262,0.071493,1,0.100245,0.002934,0.064448,0.300324,0.055985,0.056431,0.011492,0.066766,0.062239,0.063346,0.057668,0.09655,0.066889,0.093093,0.073352,0.072153,0.002596,0.039382,0.071263,0.081288
89.0625,0.145205,0.006137,0.150855,0.064064,0.158728,0.011718,0.25711,0.187112,0.206423,0.008232,0.018712,1,0.023691,0.002908,0.026765,0.247416,0.119347,0.134612,0.013843,0.109201,0.148923,0.128229,0.102334,0.167242,0.091946,0.119345,0.125165,0.118674,0.014873,0.084321,0.131325,0.153624
89.453125,0.339377,0.035564,0.388073,0.242796,0.21259,0.064319,0.24507,0.233991,0.230248,0.00749,0.007427,1,0.107895,0.029182,0.020795,0.312671,0.147259,0.15519,0.024105,0.148282,0.17108,0.1534,0.147114,0.209344,0.140639,0.108564,0.149721,0.198539,0.012623,0.128143,0.176809,0.207923
89.84375,0.317004,0.005682,0.338059,0.204014,0.139499,0.065081,0.246062,0.256591,0.321849,0.00231,0.007356,1,0.328943,0.026893,0.030256,0.44184,0.100298,0.101136,0.027,0.126527,0.111,0.124482,0.125539,0.164976,0.174855,0.140646,0.106287,0.152598,0.003179,0.128286,0.113601,0.115657
90.234375,0.183634,0.030807,0.195833,0.135681,0.088867,0.044012,0.184854,0.177849,0.30578,0.054095,0.022748,1,0.17966,0.028112,0.08458,0.389615,0.139445,0.104136,0.021107,0.093733,0.172155,0.115791,0.108956,0.131279,0.129398,0.106044,0.139041,0.182978,0.032617,0.091667,0.161257,0.194913
90.625,0.385033,0.033642,0.248983,0.15227,0.206132,0.070535,0.426089,0.258554,0.241545,0.030728,0.136098,1,0.137655,0.036416,0.077284,0.466149,0.186419,0.149995,0.006457,0.067557,0.208295,0.107873,0.119354,0.156592,0.124674,0.066774,0.15702,0.194269,0.107208,0.113772,0.174238,0.228932
91.015625,0.368,0.023209,0.289443,0.272388,0.228283,0.033006,0.375318,0.23813,0.233898,0.025597,0.080054,1,0.044421,0.074076,0.016415,0.297006,0.299445,0.306473,0.014745,0.131753,0.223741,0.180201,0.162591,0.219126,0.099869,0.085113,0.213041,0.241798,0.039544,0.143601,0.236862,0.24723
91.40625,0.23418,0.049076,0.276053,0.185076,0.118198,0.006696,0.369863,0.314727,0.348422,0.039275,0.086178,1,0.143706,0.156405,0.096561,0.383014,0.243179,0.228688,0.011601,0.079476,0.224539,0.147096,0.102273,0.173125,0.017328,0.028861,0.143878,0.170221,0.018787,0.094044,0.162571,0.164781
91.796875,0.194824,0.086036,0.249476,0.151358,0.068673,0.114758,0.293749,0.180762,0.354997,0.025237,0.170587,1,0.382676,0.131288,0.0356,0.574321,0.1061,0.062918,0.018726,0.112443,0.12473,0.104608,0.111663,0.15292,0.062907,0.128984,0.098761,0.125631,0.032184,0.08665,0.100954,0.143284
92.1875,0.218599,0.057162,0.090648,0.08251,0.147853,0.114771,0.122117,0.0763,0.132858,0.003739,0.101804,1,0.104668,0.006954,0.054835,0.372437,0.047893,0.054917,0.019933,0.039502,0.051669,0.04458,0.042471,0.040654,0.022777,0.019034,0.038202,0.040026,0.010483,0.029528,0.04364,0.048475
92.578125,0.264552,0.035989,0.24967,0.198784,0.231388,0.022893,0.265455,0.172944,0.340972,0.013738,0.062922,1,0.135339,0.011091,0.112333,0.288927,0.141098,0.166154,0.111985,0.089594,0.09848,0.104488,0.088852,0.090768,0.031849,0.033211,0.097102,0.093972,0.127011,0.097999,0.08142,0.080967
92.96875,0.196075,0.023372,0.159872,0.125184,0.326668,0.027729,0.170492,0.131592,0.163388,0.038056,0.058724,1,0.101445,0.005307,0.049482,0.253408,0.107228,0.138884,0.088155,0.124368,0.128366,0.131464,0.120935,0.121825,0.116467,0.159489,0.091127,0.147721,0.026277,0.059976,0.1462,0.166857
93.359375,0.170729,0.02194,0.132506,0.153394,0.150074,0.059557,0.14924,0.079872,0.13528,0.053009,0.05538,1,0.085008,0.050114,0.073417,0.121435,0.035855,0.018686,0.027058,0.054427,0.057261,0.034197,0.043071,0.036365,0.053099,0.056369,0.044122,0.042969,0.018382,0.029869,0.054737,0.073165
93.75,0.257165,0.046473,0.183699,0.113001,0.154285,0.05615,0.087826,0.057658,0.141648,0.073308,0.022584,1,0.053417,0.014543,0.099026,0.229444,0.024483,0.014,0.105057,0.069307,0.01677,0.013612,0.041469,0.033361,0.034961,0.08664,0.0254,0.0284,0.142917,0.046204,0.024516,0.012819
94.140625,0.230967,0.020672,0.26337,0.204099,0.213563,0.105149,0.220057,0.163594,0.217857,0.060694,0.051898,1,0.09656,0.056383,0.056548,0.440713,0.138959,0.139276,0.063209,0.043964,0.103429,0.092447,0.042945,0.067204,0.013484,0.016214,0.173704,0.098169,0.201444,0.246541,0.139861,0.10949
94.53125,0.239471,0.006401,0.25753,0.228588,0.294604,0.037539,0.296688,0.271486,0.17434,0.077531,0.077097,1,0.11648,0.044291,0.060714,0.4269,0.216303,0.230937,0.072376,0.178252,0.203969,0.171231,0.17996,0.188653,0.139509,0.130707,0.210982,0.193629,0.091332,0.219252,0.215648,0.181309
94.921875,0.299608,0.042588,0.209881,0.127315,0.094613,0.04841,0.118504,0.055491,0.080593,0.024197,0.024553,1,0.036808,0.009253,0.028124,0.16213,0.15236,0.151072,0.083608,0.135958,0.133553,0.117221,0.150412,0.15742,0.103698,0.154975,0.104714,0.147951,0.009132,0.104927,0.117212,0.124165
95.3125,0.350546,0.008175,0.245781,0.065235,0.135401,0.001718,0.209074,0.141812,0.080862,0.015809,0.009271,1,0.170112,0.017932,0.049834,0.217022,0.044799,0.04092,0.039177,0.067226,0.033217,0.034178,0.047646,0.072181,0.108005,0.097657,0.041611,0.066922,0.007309,0.046157,0.031615,0.054096
95.703125,0.359156,0.016796,0.320418,0.129706,0.304851,0.062501,0.336728,0.286719,0.211741,0.033423,0.142642,1,0.074543,0.067285,0.086657,0.256755,0.180527,0.188024,0.064052,0.175159,0.17447,0.215009,0.157238,0.219748,0.176597,0.182239,0.196697,0.193617,0.053265,0.182487,0.190651,0.217619
96.09375,0.222257,0.011663,0.166292,0.057009,0.067943,0.038041,0.085874,0.061083,0.087284,0.087428,0.223151,1,0.140405,0.044917,0.155995,0.253982,0.00972,0.008918,0.009184,0.012926,0.025583,0.027505,0.009062,0.014728,0.027013,0.023692,0.031484,0.020179,0.024821,0.039145,0.029161,0.033605
96.484375,0.319344,0.023888,0.084228,0.179652,0.037579,0.00458,0.133266,0.113162,0.171615,0.085108,0.230679,1,0.061167,0.046178,0.163695,0.370851,0.10533,0.089683,0.06924,0.115925,0.040362,0.060905,0.069312,0.090234,0.073649,0.084786,0.062675,0.078166,0.054163,0.064649,0.080962,0.059514
96.875,0.236472,0.101897,0.098483,0.050431,0.181212,0.087046,0.098868,0.064068,0.127457,0.033693,0.070327,1,0.108676,0.029903,0.160992,0.340653,0.11405,0.123152,0.024157,0.052933,0.076446,0.09176,0.036799,0.058361,0.057322,0.054541,0.124301,0.078648,0.026257,0.158729,0.125721,0.105309
97.265625,0.227571,0.077997,0.297834,0.093448,0.197474,0.096094,0.199278,0.099506,0.136771,0.058583,0.042857,1,0.094838,0.110604,0.062877,0.387671,0.155986,0.18592,0.047363,0.119747,0.173532,0.1806,0.113639,0.138901,0.172887,0.135969,0.169793,0.199981,0.021569,0.150276,0.204433,0.216554
97.65625,0.156438,0.003982,0.142469,0.000394,0.068822,0.003457,0.262998,0.135349,0.064217,0.084189,0.048863,1,0.017623,0.181719,0.050527,0.215775,0.040643,0.048758,0.0046,0.007434,0.071369,0.032062,0.022768,0.035602,0.027738,0.055821,0.076871,0.085548,0.000829,0.066493,0.088456,0.111209
98.046875,0.075802,0.019819,0.086558,0.018545,0.037419,0.026268,0.111114,0.034759,0.091968,0.005341,0.01405,1,0.143694,0.05039,0.043901,0.239246,0.019405,0.023892,0.031688,0.047862,0.019709,0.006936,0.043746,0.065967,0.053024,0.06494,0.034705,0.031092,0.026273,0.033586,0.029405,0.013812
98.4375,0.076232,0.028337,0.134599,0.113887,0.054026,0.020932,0.133658,0.037016,0.059338,0.020174,0.036964,1,0.096015,0.001783,0.09905,0.215583,0.101659,0.079127,0.020618,0.098177,0.065134,0.052292,0.078186,0.098914,0.02998,0.024862,0.040722,0.064077,0.002412,0.019328,0.056379,0.060846
98.828125,0.216906,0.02093,0.28779,0.194752,0.055806,0.016295,0.240456,0.182639,0.18512,0.042386,0.023826,1,0.179152,0.005338,0.035843,0.247844,0.169471,0.142898,0.049336,0.043966,0.108989,0.072818,0.051648,0.098478,0.037505,0.013073,0.104968,0.133168,0.02208,0.090206,0.133209,0.166507
99.21875,0.258547,0.032418,0.288852,0.172028,0.150279,0.021437,0.413685,0.300881,0.217798,0.062721,0.030204,1,0.176461,0.034645,0.046352,0.299826,0.154476,0.099965,0.009336,0.072341,0.146527,0.094044,0.072981,0.134682,0.078918,0.067801,0.119047,0.178125,0.033962,0.128569,0.157582,0.183593
99.609375,0.301506,0.099776,0.139428,0.01663,0.090771,0.058247,0.104073,0.082387,0.05314,0.029656,0.136065,1,0.076812,0.027127,0.06127,0.438445,0.06106,0.037905,0.014183,0.046041,0.060443,0.04039,0.045592,0.053727,0.044945,0.067304,0.067387,0.056057,0.021735,0.063918,0.051571,0.055474
100,0,0,0,0,0,0,0,0,0,0,0,0,0,0,0,0,0,0,0,0,0,0,0,0,0,0,0,0,0,0,0,0