Frequency Value,FP01,FP02,FP03,FP04,FP05,FP06,FP07,FP08,FP09,FP10,FP11,FP12,FP13,FP14,FP15,FP16,FP17,FP18,FP19,FP20,FP21,FP22,FP23,FP24,FP25,FP26,FP27,FP28,FP29,FP30,FP31,FP32
0,0.146559,0.015026,0.001811,0.159839,0.115294,0.031718,0.002081,0.130172,0.02952,0.190141,0.011732,0.003506,0.012536,0.126431,0.278851,0.045249,0.784776,0.279435,0.667748,0.640968,0.833541,0.799444,0.946192,1,0.201985,0.793068,0.794358,0.632278,0.041278,0.000484,0.416499,0.265949
0.390625,0.125999,0.057763,0.160305,0.116232,0.014884,0.058866,0.122337,0.1761,0.086587,0.083629,0.079486,0.010547,0.029304,0.040425,0.162963,0.050018,0.769399,0.610415,0.772983,0.86902,0.889525,0.873436,0.954598,1,0.713395,0.883351,0.754169,0.837322,0.020904,0.276437,0.733616,0.710099
0.78125,0.077683,0.023474,0.164308,0.147437,0.023209,0.004944,0.184206,0.274516,0.271604,0.121672,0.196624,0.160386,0.180797,0.01151,0.199545,0.057326,0.727898,0.625031,0.783144,0.969112,0.882827,0.851132,0.961287,1,0.891994,0.917536,0.683495,0.903878,0.042501,0.482549,0.812595,0.810009
1.171875,0.112076,0.152316,0.21681,0.147864,0.01438,0.049457,0.309732,0.320749,0.270134,0.198642,0.220343,0.090554,0.194928,0.090642,0.151121,0.021224,0.702002,0.654833,0.746035,0.972843,0.86174,0.824455,0.94558,1,0.873723,0.909724,0.663786,0.915103,0.181196,0.574337,0.822899,0.815231
1.5625,0.172308,0.125704,0.311822,0.238354,0.007083,0.037061,0.419662,0.453569,0.541303,0.14122,0.139454,0.069213,0.258551,0.134096,0.091837,0.01752,0.745462,0.682742,0.794422,0.981546,0.904501,0.878342,0.971381,1,0.928258,0.932336,0.731428,0.944595,0.121966,0.545781,0.864605,0.880801
1.953125,0.08846,0.037121,0.423585,0.142798,0.036229,0.005529,0.43638,0.536153,0.611255,0.040485,0.309695,0.294319,0.227737,0.134112,0.109739,0.122998,0.832845,0.802244,0.795219,0.988809,0.920656,0.899896,0.971238,1,0.902619,0.933461,0.787816,0.962861,0.029765,0.660446,0.883031,0.916296
2.34375,0.252492,0.059464,0.475688,0.311495,0.279481,0.077908,0.431702,0.473404,0.462224,0.050477,0.097095,0.277692,0.18903,0.152305,0.050704,0.036475,0.831643,0.797097,0.731215,0.980961,0.903416,0.89523,0.968779,1,0.872997,0.913669,0.776476,0.951846,0.011889,0.64829,0.875052,0.888005
2.734375,0.193679,0.098297,0.433771,0.361793,0.230419,0.106762,0.503832,0.461014,0.560257,0.23151,0.194661,0.299442,0.260865,0.307769,0.047472,0.062154,0.859689,0.830337,0.687602,0.982067,0.916523,0.922181,0.965259,1,0.878888,0.914259,0.822954,0.962292,0.006651,0.699259,0.903636,0.909369
3.125,0.078565,0.112495,0.242113,0.147838,0.094965,0.059376,0.383785,0.340832,0.527507,0.079021,0.093343,0.294466,0.180754,0.17826,0.047012,0.130567,0.8714,0.81803,0.792201,0.986446,0.944547,0.934428,0.979253,1,0.919411,0.911416,0.846928,0.96227,0.003179,0.651099,0.926212,0.907581
3.515625,0.264044,0.040075,0.290251,0.217388,0.138404,0.069346,0.419924,0.39525,0.501331,0.092019,0.022973,0.250368,0.178998,0.145848,0.003203,0.094301,0.83899,0.762021,0.775735,0.98861,0.930538,0.916135,0.970741,1,0.87175,0.904387,0.794901,0.9552,0.001739,0.610672,0.887999,0.880669
3.90625,0.131573,0.122424,0.415791,0.329275,0.165756,0.284106,0.441605,0.484972,0.588696,0.360072,0.07913,0.149979,0.165933,0.246251,0.066322,0.02311,0.844842,0.765505,0.840161,0.987263,0.947321,0.941331,0.98265,1,0.903109,0.928661,0.827116,0.969701,0.120838,0.607677,0.920082,0.903821
4.296875,0.082588,0.030698,0.33518,0.260136,0.116064,0.088082,0.405077,0.381579,0.624521,0.267725,0.135062,0.153617,0.123421,0.221644,0.033471,0.010099,0.902394,0.84445,0.860299,0.988833,0.965629,0.950798,0.983654,1,0.916127,0.933302,0.872942,0.979659,0.027618,0.677091,0.942666,0.939516
4.6875,0.121035,0.008717,0.35104,0.261298,0.179394,0.125997,0.538242,0.455521,0.591027,0.205854,0.064155,0.219268,0.125169,0.202638,0.067406,0.014298,0.880002,0.843848,0.8738,0.990231,0.940764,0.954548,0.982158,1,0.912349,0.922662,0.860748,0.973487,0.008424,0.709959,0.930301,0.931911
5.078125,0.200664,0.072732,0.376675,0.271213,0.227299,0.182834,0.584465,0.50907,0.672426,0.252529,0.158386,0.347427,0.143174,0.139524,0.012752,0.032146,0.863839,0.794756,0.910836,0.99203,0.946416,0.94711,0.988458,1,0.942689,0.928116,0.822928,0.96648,0.089743,0.587955,0.913595,0.899117
5.46875,0.303412,0.170122,0.510503,0.417601,0.261296,0.18404,0.553972,0.542117,0.730392,0.347886,0.023374,0.421861,0.19245,0.190782,0.067101,0.02864,0.85213,0.769998,0.914384,0.99153,0.947772,0.947007,0.987106,1,0.929832,0.924114,0.833029,0.96424,0.091612,0.61054,0.916073,0.901773
5.859375,0.3871,0.043468,0.583239,0.532582,0.46038,0.110843,0.62164,0.614115,0.712244,0.206785,0.006162,0.553054,0.390387,0.198711,0.024017,0.111565,0.889604,0.830197,0.885014,0.991977,0.950323,0.944321,0.986586,1,0.940511,0.945443,0.839721,0.969786,0.128978,0.630207,0.937865,0.922295
6.25,0.272149,0.142478,0.396816,0.386233,0.345636,0.280408,0.438257,0.430443,0.712522,0.17354,0.08958,0.398309,0.206633,0.111372,0.048152,0.127252,0.868505,0.805278,0.870566,0.991955,0.944265,0.950497,0.985967,1,0.940123,0.953528,0.832121,0.96707,0.164833,0.607056,0.921026,0.910332
6.640625,0.271279,0.138989,0.411919,0.378195,0.316894,0.329552,0.462482,0.438195,0.692308,0.298887,0.039555,0.41025,0.199069,0.179624,0.019576,0.105333,0.893763,0.833884,0.932265,0.993822,0.966333,0.95688,0.99069,1,0.958107,0.958418,0.863605,0.974014,0.182964,0.632658,0.942416,0.929308
7.03125,0.175937,0.076456,0.374772,0.316421,0.258788,0.135838,0.385561,0.357061,0.591852,0.239009,0.0357,0.340575,0.257993,0.222171,0.071256,0.168586,0.84224,0.749388,0.908694,0.992991,0.950213,0.924947,0.987387,1,0.946657,0.943751,0.766167,0.957871,0.072141,0.460947,0.924243,0.905172
7.421875,0.184098,0.036043,0.361064,0.338006,0.353711,0.1412,0.495384,0.462818,0.680057,0.140646,0.056054,0.403507,0.361126,0.220369,0.059067,0.281712,0.883616,0.804546,0.930559,0.992094,0.964681,0.951877,0.992672,1,0.93894,0.942412,0.832813,0.96433,0.111889,0.56173,0.936883,0.919965
7.8125,0.13272,0.135396,0.351262,0.328514,0.381488,0.157832,0.505265,0.446419,0.49096,0.04462,0.023266,0.30965,0.346862,0.260084,0.043391,0.167488,0.923219,0.857856,0.919726,0.988697,0.964111,0.958267,0.990097,1,0.913837,0.902236,0.835366,0.95679,0.181993,0.592973,0.916828,0.898685
8.203125,0.102991,0.146124,0.320014,0.239667,0.218889,0.131576,0.283061,0.294448,0.535308,0.194553,0.013288,0.300202,0.294914,0.253212,0.062276,0.242914,0.826804,0.726065,0.899542,0.988159,0.939418,0.903222,0.984962,1,0.872153,0.897036,0.715188,0.946843,0.129313,0.376059,0.892093,0.861513
8.59375,0.090952,0.067384,0.400512,0.316588,0.161603,0.087281,0.416386,0.444028,0.583112,0.276721,0.014311,0.222254,0.335504,0.255204,0.01838,0.103147,0.83095,0.739383,0.888769,0.983249,0.91793,0.889744,0.981023,1,0.883257,0.901321,0.6852,0.940244,0.048326,0.413743,0.880058,0.842083
8.984375,0.218153,0.043069,0.304096,0.285666,0.390278,0.201356,0.411142,0.434628,0.52658,0.06238,0.109584,0.439573,0.377246,0.127525,0.072943,0.228283,0.818788,0.68111,0.909922,0.985167,0.930624,0.901242,0.982141,1,0.89941,0.918949,0.666179,0.941058,0.149881,0.284423,0.879532,0.831293
9.375,0.147434,0.071689,0.410273,0.33235,0.441048,0.217673,0.471713,0.459554,0.507373,0.155391,0.11804,0.545924,0.333755,0.227081,0.1116,0.270734,0.820145,0.684318,0.864803,0.9789,0.937858,0.907533,0.983193,1,0.881542,0.910013,0.727506,0.937415,0.001889,0.444882,0.887177,0.821027
9.765625,0.075089,0.020797,0.256684,0.252176,0.217993,0.063323,0.459607,0.453273,0.377753,0.11776,0.076743,0.396595,0.21391,0.198454,0.03012,0.110859,0.807812,0.643025,0.858711,0.976479,0.934646,0.907244,0.974597,1,0.851296,0.873784,0.71805,0.933744,0.114001,0.43107,0.874906,0.824509
10.15625,0.133637,0.182082,0.314004,0.288705,0.257842,0.198318,0.406697,0.434097,0.432006,0.053678,0.023434,0.426919,0.264598,0.288165,0.033465,0.045606,0.837017,0.707134,0.904398,0.980867,0.946312,0.902797,0.988103,1,0.91644,0.912086,0.673217,0.925239,0.128974,0.299264,0.858601,0.772024
10.546875,0.149191,0.299445,0.404726,0.374851,0.251803,0.175181,0.377698,0.323391,0.296954,0.128003,0.006435,0.288476,0.244116,0.343066,0.088705,0.040862,0.813243,0.7087,0.894344,0.980718,0.911581,0.906791,0.987636,1,0.907897,0.892139,0.651716,0.934111,0.11384,0.273023,0.849658,0.774328
10.9375,0.026081,0.208641,0.261257,0.233649,0.181721,0.232431,0.288243,0.246023,0.305615,0.194641,0.029416,0.070975,0.20529,0.328206,0.073972,0.012013,0.832226,0.754181,0.877872,0.977598,0.902167,0.919848,0.980901,1,0.896772,0.88096,0.703786,0.911163,0.014111,0.424417,0.847851,0.76244
11.328125,0.108014,0.08349,0.265676,0.220626,0.095477,0.139354,0.319014,0.353677,0.264768,0.163602,0.024103,0.144853,0.137462,0.179753,0.070113,0.006999,0.73506,0.606564,0.861256,0.976491,0.887616,0.882676,0.979663,1,0.861515,0.797995,0.654968,0.907875,0.12215,0.36301,0.834528,0.738429
11.71875,0.126401,0.029506,0.19918,0.18904,0.113876,0.069768,0.312558,0.336382,0.255864,0.116677,0.080128,0.188022,0.137972,0.054503,0.039956,0.026705,0.718126,0.600886,0.864719,0.97749,0.872237,0.887303,0.977524,1,0.844558,0.824959,0.62375,0.894907,0.052347,0.371127,0.817134,0.725145
12.109375,0.092294,0.093894,0.245054,0.23665,0.226677,0.209126,0.37053,0.330926,0.329642,0.162917,0.028769,0.114633,0.158297,0.101278,0.032899,0.003713,0.71703,0.622649,0.800429,0.973314,0.856378,0.864021,0.973325,1,0.821192,0.814914,0.595194,0.900741,0.126186,0.347983,0.802564,0.734111
12.5,0.206148,0.021692,0.262964,0.255995,0.264514,0.13663,0.407357,0.400904,0.404488,0.173287,0.028109,0.275437,0.163762,0.107337,0.038952,0.063159,0.785116,0.752207,0.87206,0.978854,0.882903,0.907725,0.981431,1,0.903449,0.867103,0.686863,0.928052,0.050019,0.428906,0.857571,0.79341
12.890625,0.096631,0.015167,0.107634,0.121201,0.091566,0.060487,0.189169,0.169658,0.162628,0.057736,0.019908,0.110495,0.095945,0.059171,0.025684,0.022178,0.706767,0.646414,0.821638,0.959995,0.85513,0.82105,0.968579,1,0.856309,0.746883,0.579978,0.857804,0.069263,0.400039,0.770656,0.68259
13.28125,0.240313,0.013787,0.08448,0.085988,0.052019,0.066114,0.210136,0.26217,0.221784,0.046397,0.037983,0.155491,0.078911,0.014811,0.007732,0.071136,0.725,0.662629,0.816334,0.965352,0.865293,0.871435,0.977455,1,0.870845,0.771403,0.659215,0.899089,0.097888,0.481795,0.823807,0.746057
13.671875,0.167156,0.024223,0.213535,0.165792,0.065388,0.149393,0.350042,0.397529,0.366106,0.115519,0.029988,0.263966,0.02178,0.030872,0.022187,0.016297,0.747594,0.691299,0.842302,0.970857,0.853741,0.859862,0.980701,1,0.869131,0.85256,0.647883,0.907933,0.107893,0.400779,0.829925,0.775165
14.0625,0.090516,0.017004,0.08051,0.093411,0.052065,0.123927,0.156029,0.193005,0.095181,0.05481,0.013418,0.059394,0.040853,0.051347,0.016162,0.022484,0.793892,0.72948,0.854508,0.971448,0.847909,0.839826,0.974911,1,0.842629,0.814088,0.608106,0.88142,0.094593,0.431228,0.800823,0.737439
14.453125,0.038527,0.009816,0.111975,0.137188,0.051005,0.074652,0.194288,0.144764,0.156965,0.074021,0.006301,0.157351,0.034863,0.061278,0.052436,0.043402,0.701021,0.649146,0.840522,0.969301,0.770266,0.798415,0.956378,1,0.745595,0.730162,0.543834,0.838583,0.06296,0.386225,0.724819,0.650872
14.84375,0.077935,0.060444,0.107624,0.065474,0.013834,0.05426,0.164126,0.176838,0.257641,0.050531,0.00756,0.090709,0.056867,0.008269,0.020893,0.0403,0.674422,0.605683,0.737901,0.949908,0.820709,0.808235,0.9424,1,0.706015,0.672072,0.575191,0.844391,0.021992,0.363295,0.742858,0.67998
15.234375,0.100206,0.014673,0.248878,0.151739,0.032964,0.006941,0.25105,0.23815,0.299078,0.048138,0.063973,0.065093,0.04511,0.054178,0.006869,0.012276,0.572627,0.467937,0.706959,0.92609,0.813787,0.762221,0.95305,1,0.747215,0.716355,0.470627,0.808378,0.036523,0.262987,0.654419,0.626124
15.625,0.071162,0.016172,0.065337,0.034084,0.116904,0.002701,0.123666,0.103579,0.20577,0.093905,0.083797,0.053927,0.00761,0.002861,0.087774,0.061038,0.603629,0.528241,0.72053,0.948085,0.800176,0.723574,0.956306,1,0.833447,0.844972,0.454704,0.836022,0.164344,0.230063,0.720534,0.631664
16.015625,0.090355,0.027284,0.146396,0.127748,0.06256,0.023433,0.287199,0.284903,0.147269,0.091207,0.051089,0.176747,0.04965,0.016146,0.025582,0.014379,0.681635,0.636496,0.714083,0.948529,0.807447,0.783833,0.952023,1,0.863038,0.846791,0.558763,0.859788,0.119888,0.409848,0.733002,0.673103
16.40625,0.147307,0.018296,0.157946,0.147754,0.067966,0.021775,0.255438,0.258209,0.088366,0.033281,0.007572,0.148288,0.032076,0.018373,0.00778,0.07149,0.674772,0.592924,0.723008,0.952324,0.84129,0.820423,0.96512,1,0.827717,0.734967,0.550612,0.85619,0.028179,0.359397,0.728259,0.672095
16.796875,0.102661,0.036667,0.234555,0.187724,0.038658,0.092328,0.29068,0.223486,0.211233,0.135636,0.007759,0.146648,0.109465,0.109689,0.071591,0.087541,0.576221,0.499553,0.768045,0.960501,0.761221,0.76356,0.963905,1,0.798245,0.713924,0.428286,0.833144,0.029737,0.222122,0.684785,0.621638
17.1875,0.152987,0.057182,0.117169,0.054627,0.015753,0.092321,0.119469,0.074968,0.177395,0.071628,0.008238,0.149736,0.030259,0.012874,0.0477,0.038986,0.591456,0.537059,0.759067,0.958773,0.750052,0.763339,0.957613,1,0.77607,0.704508,0.378974,0.806387,0.097981,0.183106,0.63811,0.542325
17.578125,0.090269,0.042367,0.177829,0.135545,0.1475,0.090089,0.155343,0.157147,0.117078,0.072625,0.005497,0.09222,0.03499,0.02919,0.019187,0.024411,0.477336,0.45245,0.69657,0.944307,0.692384,0.728046,0.951944,1,0.801473,0.705797,0.30584,0.81738,0.014646,0.120649,0.60448,0.488476
17.96875,0.048728,0.041597,0.062173,0.060567,0.021594,0.068807,0.097472,0.10215,0.090145,0.087193,0.018771,0.024175,0.026345,0.013145,0.030651,0.08972,0.622639,0.528358,0.744648,0.927867,0.781628,0.770991,0.96217,1,0.793108,0.74771,0.476706,0.846214,0.013715,0.268755,0.722074,0.619467
18.359375,0.028813,0.012402,0.172656,0.174532,0.053837,0.098258,0.231927,0.21327,0.304192,0.15439,0.01035,0.060776,0.015956,0.029312,0.014978,0.01677,0.697656,0.655299,0.684512,0.92443,0.795385,0.770254,0.962439,1,0.774892,0.708407,0.576354,0.858752,0.037604,0.388109,0.771494,0.6755
18.75,0.103856,0.021755,0.119146,0.09392,0.084784,0.008697,0.321311,0.370873,0.151371,0.078343,0.054874,0.231605,0.00989,0.038671,0.004721,0.020742,0.740231,0.705504,0.807505,0.968365,0.838537,0.840585,0.973505,1,0.883424,0.864835,0.607595,0.864694,0.02437,0.382901,0.801353,0.701633
19.140625,0.148032,0.04848,0.157901,0.186335,0.051738,0.059348,0.278566,0.28122,0.247967,0.06948,0.020389,0.269198,0.05425,0.053803,0.043968,0.095419,0.72658,0.678305,0.693548,0.954092,0.816964,0.829037,0.966752,1,0.819367,0.747215,0.619024,0.879183,0.069754,0.452598,0.811494,0.764052
19.53125,0.060053,0.055986,0.060446,0.053402,0.016666,0.02743,0.156,0.203569,0.16032,0.081274,0.012411,0.035131,0.016397,0.077036,0.000771,0.030928,0.692731,0.66798,0.643023,0.941982,0.820355,0.818488,0.96447,1,0.819922,0.70433,0.635995,0.86541,0.093765,0.449093,0.76543,0.715901
19.921875,0.161017,0.097131,0.024435,0.047513,0.041976,0.011334,0.219783,0.195448,0.093349,0.00503,0.012634,0.142581,0.015387,0.080925,0.010206,0.063835,0.63477,0.553311,0.579735,0.917211,0.753557,0.774908,0.950107,1,0.73951,0.739417,0.558737,0.841009,0.028833,0.332566,0.735046,0.666957
20.3125,0.175477,0.036787,0.090861,0.082205,0.087715,0.036173,0.294646,0.30461,0.106112,0.06852,0.030443,0.114561,0.011582,0.032789,0.021073,0.037125,0.614672,0.534003,0.551213,0.93346,0.749536,0.738122,0.952393,1,0.784598,0.740536,0.455057,0.83088,0.045956,0.209507,0.696637,0.589737
20.703125,0.016939,0.001962,0.12906,0.090746,0.016393,0.069077,0.216577,0.218345,0.216811,0.115855,0.047275,0.071525,0.080832,0.023079,0.074751,0.011306,0.535127,0.532247,0.680754,0.932134,0.732061,0.739074,0.949163,1,0.781099,0.717909,0.3637,0.801334,0.031518,0.17925,0.604118,0.545633
21.09375,0.099777,0.043632,0.124968,0.095136,0.067819,0.021728,0.261859,0.278348,0.188153,0.061535,0.021125,0.154172,0.009795,0.047124,0.027244,0.016041,0.591451,0.548144,0.625038,0.93955,0.74404,0.755366,0.938033,1,0.769974,0.679352,0.442687,0.817297,0.015354,0.24535,0.673544,0.603914
21.484375,0.102467,0.011641,0.208241,0.220963,0.08677,0.013056,0.228222,0.21776,0.213004,0.112163,0.034994,0.208695,0.054,0.083043,0.070727,0.017553,0.63841,0.597934,0.587429,0.933574,0.73623,0.781023,0.957383,1,0.734838,0.668259,0.491308,0.843405,0.001728,0.265093,0.710303,0.641729
21.875,0.078862,0.051308,0.155377,0.089667,0.029106,0.015261,0.194502,0.169551,0.201327,0.057873,0.014938,0.127891,0.018772,0.039194,0.042482,0.02271,0.540267,0.475379,0.480566,0.8904,0.698693,0.661774,0.948995,1,0.706712,0.567257,0.350036,0.79691,0.075029,0.158179,0.609215,0.561649
22.265625,0.184662,0.085947,0.162994,0.112199,0.013501,0.035109,0.247472,0.13778,0.141241,0.022902,0.061649,0.203015,0.005236,0.009302,0.090624,0.044033,0.622601,0.558167,0.522561,0.889528,0.781508,0.751444,0.966068,1,0.729102,0.620735,0.461039,0.802893,0.028479,0.270677,0.678767,0.617532
22.65625,0.195551,0.012891,0.198033,0.19569,0.061207,0.003293,0.355835,0.35551,0.301925,0.061826,0.017168,0.22129,0.018234,0.024373,0.021921,0.087961,0.614531,0.576188,0.552106,0.901135,0.788635,0.784455,0.963252,1,0.847311,0.745632,0.523479,0.849398,0.093565,0.33709,0.729096,0.691921
23.046875,0.15913,0.059563,0.055522,0.058278,0.041463,0.010958,0.220365,0.266469,0.296085,0.016371,0.034397,0.11164,0.073011,0.052718,0.042186,0.042284,0.640894,0.579527,0.595704,0.917288,0.773728,0.785235,0.960825,1,0.792016,0.717173,0.573612,0.875368,0.013415,0.358697,0.758837,0.719992
23.4375,0.31436,0.125345,0.043055,0.057338,0.07823,0.002603,0.181849,0.169889,0.107933,0.04946,0.108869,0.158116,0.084581,0.079505,0.086266,0.242968,0.532101,0.39959,0.631767,0.853628,0.695434,0.742002,0.964763,1,0.769753,0.611767,0.332965,0.790147,0.01232,0.157855,0.602315,0.509054
23.828125,0.079033,0.086518,0.107772,0.065965,0.02496,0.052097,0.135837,0.116748,0.114202,0.110745,0.010842,0.08276,0.091651,0.090151,0.035461,0.067511,0.645599,0.578848,0.642825,0.910662,0.744707,0.773105,0.946489,1,0.721935,0.67121,0.532279,0.821273,0.037497,0.347795,0.705181,0.661324
24.21875,0.052745,0.08549,0.055065,0.003514,0.023422,0.160605,0.141982,0.094035,0.040945,0.020539,0.033906,0.073427,0.054743,0.036952,0.013798,0.004532,0.490734,0.40353,0.548939,0.905572,0.622494,0.663889,0.93258,1,0.707456,0.616287,0.332858,0.773815,0.03481,0.11907,0.600833,0.517198
24.609375,0.081287,0.01474,0.054358,0.066814,0.028949,0.039463,0.11417,0.106179,0.110021,0.027884,0.027731,0.030686,0.005502,0.014328,0.015413,0.003471,0.524779,0.473614,0.594085,0.888451,0.725975,0.738009,0.94861,1,0.773405,0.729505,0.407235,0.813126,0.008572,0.189259,0.630965,0.592383
25,0.200976,0.046876,0.079712,0.100251,0.001485,0.003992,0.192054,0.141055,0.208908,0.027682,0.03469,0.188865,0.025362,0.017165,0.0141,0.086901,0.54981,0.484211,0.454342,0.878624,0.631095,0.645824,0.945551,1,0.704265,0.641761,0.386404,0.783552,0.028833,0.24481,0.589544,0.539545
25.390625,0.233789,0.043175,0.198494,0.084533,0.064525,0.010139,0.252748,0.252658,0.297162,0.131662,0.004588,0.212757,0.003781,0.00709,0.047805,0.079159,0.759441,0.710852,0.601337,0.924623,0.846579,0.854593,0.970245,1,0.773884,0.734271,0.660408,0.889953,0.105963,0.463824,0.802437,0.740503
25.78125,0.207219,0.063481,0.31847,0.196072,0.055379,0.011431,0.224224,0.270266,0.272459,0.138623,0.045334,0.198318,0.011328,0.0266,0.087995,0.026996,0.782522,0.711961,0.431338,0.900157,0.860414,0.849195,0.964584,1,0.762525,0.674661,0.719969,0.890473,0.184685,0.573747,0.810786,0.775055
26.171875,0.100965,0.002679,0.234463,0.154959,0.079086,0.001542,0.1595,0.16731,0.142617,0.157295,0.036418,0.061634,0.029196,0.02311,0.021889,0.004012,0.703421,0.646038,0.506854,0.89078,0.796582,0.759668,0.948373,1,0.78324,0.71933,0.552354,0.838402,0.055207,0.353103,0.692506,0.65491
26.5625,0.07238,0.010812,0.227335,0.264164,0.016606,0.0089,0.170833,0.12705,0.183359,0.161907,0.084103,0.112366,0.006263,0.013199,0.058273,0.029626,0.678193,0.628065,0.646628,0.932212,0.797641,0.808267,0.962146,1,0.791654,0.735294,0.502402,0.848859,0.035548,0.308433,0.71287,0.647498
26.953125,0.32762,0.033231,0.119184,0.124942,0.082408,0.01208,0.225522,0.221594,0.099054,0.053624,0.013339,0.152503,0.043779,0.040039,0.043194,0.040855,0.642221,0.565024,0.617602,0.933847,0.8191,0.813902,0.962903,1,0.771993,0.709085,0.559791,0.883137,0.014834,0.329977,0.76842,0.707604
27.34375,0.194947,0.04854,0.197991,0.200935,0.073643,0.070096,0.215845,0.186628,0.213209,0.099416,0.04144,0.17986,0.098582,0.128387,0.034205,0.202586,0.574743,0.525844,0.510346,0.878146,0.739796,0.740063,0.94191,1,0.724976,0.609515,0.517873,0.79811,0.008023,0.291646,0.670953,0.606048
27.734375,0.101089,0.103823,0.18633,0.09568,0.062737,0.066813,0.180525,0.232474,0.300559,0.15357,0.102841,0.204023,0.014983,0.009625,0.022029,0.083246,0.766095,0.705607,0.575139,0.907895,0.805377,0.866342,0.95443,1,0.761256,0.687388,0.677036,0.882877,0.131002,0.532518,0.798044,0.743819
28.125,0.147059,0.146672,0.171885,0.099578,0.169568,0.048688,0.23295,0.266296,0.207107,0.174172,0.172969,0.256761,0.037823,0.091518,0.092892,0.10881,0.837703,0.801161,0.590111,0.941367,0.874068,0.895266,0.965765,1,0.790923,0.703492,0.76929,0.908815,0.147587,0.649103,0.861113,0.825646
28.515625,0.109285,0.019698,0.171435,0.13836,0.031379,0.025378,0.143584,0.135494,0.203229,0.141915,0.082641,0.088667,0.039547,0.018075,0.043832,0.023971,0.773871,0.75843,0.593405,0.947771,0.854877,0.869763,0.972085,1,0.762085,0.663707,0.719896,0.882774,0.121252,0.575908,0.828145,0.765195
28.90625,0.181246,0.014681,0.239917,0.160253,0.092236,0.009948,0.22208,0.275392,0.183697,0.151694,0.023602,0.217967,0.015412,0.014235,0.031233,0.099517,0.764269,0.7221,0.614131,0.904683,0.850633,0.871813,0.972805,1,0.691285,0.647662,0.711189,0.890881,0.13333,0.592024,0.823943,0.795066
29.296875,0.085078,0.027082,0.223038,0.135703,0.039238,0.067823,0.161626,0.195561,0.243511,0.211712,0.015621,0.137103,0.004757,0.007036,0.042769,0.151512,0.735313,0.682696,0.523813,0.917046,0.825968,0.869856,0.960862,1,0.750391,0.667862,0.646518,0.908467,0.085538,0.448022,0.796855,0.769949
29.6875,0.259447,0.117944,0.272366,0.177784,0.036343,0.006227,0.223832,0.215435,0.242655,0.076476,0.005914,0.225685,0.020237,0.032572,0.03557,0.113898,0.766802,0.733425,0.506024,0.925967,0.847208,0.857465,0.961162,1,0.739331,0.601505,0.703275,0.899978,0.17941,0.55903,0.827052,0.773856
30.078125,0.385235,0.177714,0.330594,0.250977,0.189485,0.03762,0.308362,0.375316,0.321352,0.089718,0.022333,0.270756,0.101415,0.226296,0.125925,0.115369,0.84078,0.862401,0.584004,0.934616,0.861793,0.914622,0.97512,1,0.806318,0.725803,0.776985,0.930735,0.256537,0.663504,0.878425,0.839492
30.46875,0.199289,0.156486,0.090972,0.05709,0.031025,0.070539,0.178823,0.213906,0.295713,0.056428,0.054142,0.291499,0.051566,0.183923,0.211453,0.180291,0.742576,0.764572,0.403396,0.906079,0.788701,0.82011,0.946777,1,0.805047,0.678149,0.676037,0.84451,0.250724,0.594596,0.779169,0.733031
30.859375,0.152632,0.176764,0.168119,0.114862,0.041966,0.064208,0.234557,0.263162,0.390513,0.076955,0.071393,0.370168,0.068309,0.071396,0.169279,0.285173,0.785324,0.767277,0.491107,0.921145,0.827801,0.845888,0.958803,1,0.822369,0.699036,0.705237,0.897473,0.217362,0.619677,0.826293,0.794001
31.25,0.236093,0.154877,0.146674,0.145711,0.061174,0.00004411863,0.209947,0.337969,0.275226,0.038188,0.051465,0.379265,0.044651,0.039023,0.136192,0.294591,0.832373,0.787079,0.664734,0.929854,0.870096,0.888518,0.966867,1,0.857364,0.717298,0.812054,0.919083,0.206053,0.735085,0.881834,0.845146
31.640625,0.195978,0.080966,0.216918,0.232492,0.064146,0.061707,0.291719,0.266552,0.205314,0.238228,0.176772,0.291048,0.043626,0.034215,0.098207,0.092028,0.777393,0.75898,0.534465,0.918226,0.857994,0.863064,0.968836,1,0.860345,0.779354,0.738664,0.900636,0.12768,0.626304,0.85015,0.820071
32.03125,0.343396,0.217067,0.208844,0.18106,0.027072,0.115775,0.291609,0.275699,0.279881,0.086867,0.073482,0.281106,0.089472,0.122774,0.155914,0.135291,0.810949,0.779133,0.443205,0.900653,0.880195,0.889327,0.972234,1,0.790141,0.67725,0.750474,0.877224,0.219245,0.686302,0.828468,0.790001
32.421875,0.280472,0.276068,0.20876,0.182987,0.076616,0.117954,0.285316,0.318317,0.273349,0.055721,0.05517,0.295119,0.050027,0.097158,0.106456,0.194987,0.771887,0.751739,0.460766,0.92942,0.864776,0.875029,0.96546,1,0.81441,0.740166,0.717328,0.898856,0.142272,0.623776,0.832608,0.785354
32.8125,0.327856,0.345703,0.252927,0.193391,0.083995,0.131126,0.325108,0.373753,0.393176,0.121557,0.09166,0.285095,0.111017,0.107063,0.210959,0.137703,0.752767,0.760588,0.464258,0.917142,0.822477,0.846049,0.971815,1,0.846016,0.705897,0.685011,0.901711,0.120462,0.564264,0.822445,0.79264
33.203125,0.418571,0.316301,0.314508,0.175926,0.119856,0.105508,0.351538,0.369569,0.302979,0.027439,0.122365,0.422537,0.136863,0.19986,0.253078,0.231126,0.746854,0.732882,0.41736,0.915747,0.778066,0.820351,0.975906,1,0.87376,0.799766,0.639006,0.885713,0.105355,0.523156,0.782689,0.757792
33.59375,0.256113,0.241312,0.232476,0.14944,0.104454,0.162997,0.32006,0.401463,0.316478,0.024246,0.081229,0.329309,0.23272,0.16989,0.129775,0.132527,0.745733,0.743717,0.496949,0.920226,0.768859,0.837271,0.966172,1,0.826079,0.739459,0.621054,0.88938,0.151156,0.51889,0.780467,0.737111
33.984375,0.395356,0.275608,0.370341,0.247402,0.134612,0.112126,0.340705,0.451252,0.333706,0.044592,0.162764,0.27384,0.230485,0.207789,0.108709,0.186825,0.80464,0.79211,0.500265,0.946283,0.845123,0.89937,0.971812,1,0.836783,0.715243,0.736674,0.916111,0.136109,0.630787,0.842634,0.829622
34.375,0.365625,0.103274,0.309112,0.23503,0.212494,0.115619,0.338875,0.387641,0.358455,0.145018,0.193441,0.359067,0.175811,0.163183,0.234844,0.269339,0.789851,0.749565,0.415718,0.932072,0.845314,0.846895,0.969718,1,0.831546,0.679074,0.672724,0.883086,0.11092,0.529306,0.80001,0.76843
34.765625,0.353969,0.156357,0.407618,0.285757,0.15763,0.05472,0.4078,0.425934,0.371761,0.142493,0.04665,0.43691,0.069988,0.097908,0.088916,0.152037,0.855823,0.815515,0.46878,0.937682,0.894734,0.88499,0.977604,1,0.83867,0.678583,0.74966,0.914304,0.198194,0.614938,0.858311,0.811365
35.15625,0.554435,0.15736,0.529261,0.497273,0.265661,0.019675,0.632345,0.638211,0.410269,0.147232,0.050208,0.561033,0.094022,0.115609,0.123347,0.188976,0.912506,0.88668,0.653853,0.964265,0.945958,0.943481,0.98549,1,0.841397,0.786738,0.862036,0.953635,0.340412,0.788383,0.922761,0.91701
35.546875,0.554103,0.141481,0.516485,0.414704,0.243757,0.013948,0.600799,0.597665,0.439244,0.067226,0.103706,0.52528,0.205358,0.160573,0.159665,0.290143,0.885482,0.865413,0.571165,0.951436,0.915967,0.939144,0.976672,1,0.863148,0.778157,0.852685,0.93507,0.356317,0.764549,0.907341,0.89096
35.9375,0.574222,0.127932,0.578605,0.395034,0.374157,0.028622,0.551897,0.564623,0.427238,0.069338,0.048484,0.517212,0.178532,0.211603,0.286886,0.404639,0.855876,0.856524,0.495485,0.950943,0.92055,0.930065,0.974515,1,0.854275,0.733257,0.849209,0.945469,0.259581,0.770962,0.908171,0.892976
36.328125,0.347573,0.110048,0.388502,0.378946,0.248209,0.079378,0.53311,0.602858,0.506695,0.130341,0.056868,0.448563,0.116079,0.123492,0.098149,0.356013,0.875748,0.87979,0.467436,0.940162,0.910093,0.927856,0.975417,1,0.841534,0.712025,0.862133,0.943149,0.200818,0.778646,0.914182,0.9067
36.71875,0.34433,0.070498,0.341552,0.308856,0.189414,0.056771,0.437234,0.456688,0.368977,0.095648,0.083077,0.372571,0.1774,0.098653,0.084196,0.257723,0.837823,0.83004,0.392822,0.921965,0.84878,0.898726,0.961473,1,0.793702,0.713591,0.746439,0.936,0.055148,0.590209,0.868006,0.859073
37.109375,0.487286,0.227001,0.490943,0.506486,0.249964,0.147173,0.631035,0.595036,0.456178,0.06345,0.162267,0.590873,0.069657,0.263683,0.142049,0.32468,0.897176,0.879516,0.533901,0.958873,0.933,0.93086,0.98359,1,0.88473,0.806433,0.852675,0.953369,0.41283,0.779908,0.920671,0.909245
37.5,0.497917,0.13772,0.504317,0.385263,0.257828,0.03498,0.564528,0.564823,0.471098,0.156793,0.053525,0.486389,0.039427,0.115875,0.099169,0.402369,0.888169,0.866794,0.410252,0.932825,0.9002,0.923483,0.979837,1,0.854959,0.810852,0.820712,0.939299,0.325627,0.759425,0.906265,0.882993
37.890625,0.380406,0.098988,0.369908,0.254479,0.168598,0.008813,0.405833,0.419841,0.329297,0.050371,0.082064,0.395695,0.031703,0.115703,0.154682,0.241961,0.841959,0.819418,0.438368,0.920125,0.865014,0.903419,0.976758,1,0.842566,0.744351,0.778254,0.921358,0.144762,0.676401,0.881207,0.856151
38.28125,0.413426,0.260567,0.455989,0.330598,0.1953,0.111966,0.467926,0.458389,0.400701,0.047453,0.137186,0.471798,0.279557,0.203285,0.121671,0.299964,0.860047,0.835274,0.561795,0.955303,0.927082,0.914915,0.978396,1,0.859663,0.83026,0.83535,0.951737,0.172455,0.71983,0.907623,0.910426
38.671875,0.376802,0.223767,0.555962,0.506706,0.197186,0.183272,0.550298,0.511359,0.552388,0.145626,0.047187,0.407586,0.193626,0.106004,0.072375,0.217185,0.895871,0.886944,0.601028,0.954779,0.934156,0.934856,0.98173,1,0.851084,0.799198,0.853934,0.948307,0.222798,0.786642,0.91445,0.901464
39.0625,0.52646,0.348363,0.592422,0.505261,0.312443,0.218069,0.63594,0.654686,0.492285,0.031157,0.095894,0.396851,0.052802,0.089666,0.186368,0.281116,0.907974,0.894986,0.744577,0.961774,0.950778,0.953357,0.987995,1,0.902746,0.859204,0.868315,0.957786,0.23799,0.77589,0.935266,0.93232
39.453125,0.527774,0.20641,0.486079,0.421147,0.161311,0.092768,0.537364,0.557086,0.360969,0.047923,0.091551,0.472286,0.068138,0.265633,0.275706,0.260234,0.870186,0.847673,0.573159,0.946948,0.906073,0.914087,0.976792,1,0.883864,0.760811,0.811029,0.942826,0.153373,0.677971,0.899705,0.893754
39.84375,0.539395,0.282968,0.452472,0.404354,0.176003,0.11903,0.513608,0.574251,0.372612,0.138194,0.130896,0.524877,0.14788,0.425097,0.279264,0.380668,0.826633,0.802499,0.404879,0.928624,0.883346,0.898874,0.969477,1,0.868913,0.76563,0.796196,0.912753,0.163425,0.680086,0.874287,0.873954
40.234375,0.496326,0.068395,0.510526,0.397084,0.287062,0.046362,0.543746,0.521565,0.440618,0.033328,0.051155,0.55951,0.129361,0.181116,0.139983,0.291114,0.842691,0.825108,0.444927,0.910539,0.891027,0.918524,0.971109,1,0.861107,0.735003,0.794755,0.904947,0.258687,0.708204,0.863427,0.851711
40.625,0.537636,0.119668,0.479634,0.439716,0.21155,0.026266,0.576111,0.54994,0.463502,0.049635,0.022097,0.515604,0.179752,0.124914,0.141899,0.305965,0.881879,0.858305,0.522274,0.929083,0.917347,0.927061,0.979386,1,0.847232,0.7117,0.841543,0.946861,0.313468,0.761098,0.904122,0.900595
41.015625,0.352965,0.1652,0.544924,0.411622,0.272247,0.125099,0.610906,0.620402,0.503794,0.092428,0.003963,0.496178,0.29998,0.140081,0.130492,0.17097,0.904475,0.90416,0.749991,0.965734,0.925717,0.936567,0.989661,1,0.934663,0.861201,0.859531,0.96483,0.215758,0.770897,0.925212,0.916128
41.40625,0.441258,0.132283,0.593101,0.477651,0.21351,0.104369,0.620981,0.586952,0.513117,0.096101,0.03058,0.556581,0.1795,0.083989,0.133894,0.281244,0.863033,0.839623,0.742407,0.955054,0.933621,0.921064,0.984643,1,0.905774,0.858817,0.814245,0.955851,0.122034,0.708123,0.911702,0.897469
41.796875,0.53766,0.180828,0.599204,0.420946,0.139699,0.119324,0.634714,0.550884,0.420343,0.093219,0.002023,0.585696,0.110241,0.121525,0.275497,0.402006,0.905898,0.887654,0.785353,0.966249,0.925429,0.941938,0.988989,1,0.912414,0.856089,0.857376,0.957561,0.160838,0.762178,0.930088,0.919273
42.1875,0.389528,0.230799,0.422239,0.40046,0.141952,0.176995,0.484182,0.468484,0.442766,0.12542,0.002742,0.435191,0.124651,0.156646,0.170359,0.223057,0.851682,0.812335,0.719593,0.944229,0.914208,0.932325,0.984526,1,0.888592,0.813136,0.814401,0.937656,0.104327,0.709015,0.903513,0.894596
42.578125,0.45431,0.241046,0.50112,0.465868,0.333351,0.138595,0.535643,0.578838,0.550168,0.057589,0.013113,0.503871,0.227265,0.2063,0.178473,0.291676,0.883644,0.843604,0.745568,0.963538,0.933822,0.943163,0.984481,1,0.88047,0.838708,0.856337,0.960554,0.174206,0.764537,0.927019,0.927389
42.96875,0.491009,0.177943,0.526378,0.517244,0.277566,0.070311,0.512247,0.485557,0.535864,0.072168,0.078251,0.576244,0.241111,0.256727,0.332369,0.353402,0.893336,0.870632,0.697376,0.96377,0.937281,0.943324,0.987198,1,0.902823,0.844443,0.877677,0.969529,0.188237,0.79311,0.941774,0.944557
43.359375,0.433259,0.2076,0.475794,0.437094,0.164035,0.161595,0.500137,0.506514,0.494096,0.078602,0.024121,0.431729,0.259554,0.180697,0.197414,0.292914,0.881824,0.853383,0.709517,0.959803,0.919919,0.933081,0.985794,1,0.916497,0.880786,0.78714,0.957325,0.059318,0.667553,0.90169,0.907423
43.75,0.444786,0.073104,0.534527,0.46826,0.242915,0.046005,0.54621,0.554566,0.393885,0.037992,0.024488,0.381233,0.096525,0.049826,0.123014,0.22303,0.893274,0.864045,0.754609,0.960309,0.945114,0.936184,0.986489,1,0.912716,0.889094,0.839803,0.960999,0.164622,0.734892,0.919601,0.920383
44.140625,0.51545,0.191373,0.578344,0.589268,0.271366,0.102182,0.575172,0.617356,0.435752,0.183988,0.017502,0.471149,0.274115,0.34174,0.102013,0.248233,0.928068,0.913759,0.779855,0.971515,0.963993,0.961805,0.990569,1,0.928793,0.922447,0.908229,0.965717,0.141782,0.837032,0.94966,0.942176
44.53125,0.44298,0.10938,0.51858,0.408724,0.301267,0.099311,0.523328,0.504174,0.370947,0.098125,0.011019,0.507392,0.188971,0.200432,0.144602,0.275426,0.912643,0.882323,0.719743,0.961696,0.945187,0.929131,0.988835,1,0.895875,0.809184,0.842351,0.951245,0.188598,0.748162,0.912992,0.898188
44.921875,0.324342,0.228039,0.452912,0.395442,0.284429,0.150063,0.584134,0.561519,0.343334,0.008216,0.04771,0.455982,0.19995,0.159501,0.242353,0.162536,0.847397,0.8091,0.681471,0.957966,0.912038,0.93945,0.986771,1,0.905472,0.86125,0.80683,0.946801,0.051382,0.713642,0.904193,0.884852
45.3125,0.529514,0.255168,0.513554,0.530948,0.323441,0.131823,0.619362,0.527998,0.450195,0.06941,0.104338,0.541513,0.213909,0.150354,0.288186,0.420007,0.865037,0.829721,0.658758,0.965135,0.922345,0.935032,0.984377,1,0.907487,0.861168,0.835842,0.959371,0.051565,0.687653,0.924611,0.920931
45.703125,0.35015,0.151887,0.524908,0.459664,0.38792,0.086918,0.554462,0.468122,0.466071,0.044357,0.101366,0.499541,0.220317,0.18661,0.208718,0.378472,0.836919,0.798534,0.68006,0.960647,0.904973,0.917004,0.973875,1,0.874353,0.863272,0.79715,0.930858,0.026362,0.631078,0.88657,0.889007
46.09375,0.444645,0.205008,0.55822,0.405104,0.330697,0.03208,0.613236,0.586277,0.450301,0.014741,0.018307,0.549816,0.116123,0.130441,0.131307,0.339351,0.810221,0.755183,0.663693,0.949554,0.914621,0.900783,0.980692,1,0.873493,0.852634,0.74367,0.903188,0.035891,0.59635,0.841809,0.830595
46.484375,0.442274,0.156412,0.501035,0.480506,0.347912,0.096726,0.61287,0.636957,0.463291,0.059525,0.030012,0.523611,0.12135,0.141658,0.119055,0.38314,0.889072,0.865464,0.633441,0.959448,0.934182,0.910462,0.977662,1,0.843036,0.809559,0.817901,0.933255,0.101983,0.704708,0.900912,0.884288
46.875,0.460948,0.161166,0.504143,0.486496,0.265735,0.063244,0.590729,0.535495,0.507981,0.03273,0.020854,0.529222,0.141211,0.060121,0.16944,0.321134,0.88331,0.838532,0.750963,0.965104,0.946492,0.928883,0.985234,1,0.922655,0.890469,0.814091,0.947112,0.037651,0.608424,0.910525,0.897427
47.265625,0.4228,0.205634,0.590773,0.525222,0.413588,0.076767,0.649044,0.639974,0.576197,0.123863,0.019609,0.586796,0.310806,0.21415,0.212131,0.366838,0.875006,0.858975,0.701596,0.969068,0.943428,0.939473,0.984468,1,0.930262,0.890423,0.831058,0.948772,0.051489,0.696327,0.909131,0.906922
47.65625,0.294113,0.244731,0.425821,0.30669,0.17624,0.113386,0.574605,0.513043,0.537248,0.04047,0.007583,0.507962,0.30059,0.281262,0.152955,0.252473,0.861859,0.80512,0.695706,0.962459,0.941743,0.945049,0.981229,1,0.901632,0.878199,0.816335,0.94416,0.087056,0.675786,0.911112,0.892359
48.046875,0.478238,0.159055,0.570194,0.44561,0.289809,0.172891,0.626815,0.598933,0.628008,0.07351,0.018684,0.571683,0.282719,0.186035,0.17787,0.349115,0.898857,0.860105,0.754542,0.968043,0.951489,0.95888,0.989959,1,0.931435,0.885415,0.876468,0.958417,0.221753,0.764772,0.932936,0.929624
48.4375,0.46913,0.119546,0.415956,0.338019,0.230325,0.15803,0.425853,0.399608,0.459431,0.004861,0.062255,0.423458,0.08244,0.160317,0.117956,0.289022,0.886793,0.844236,0.686952,0.958528,0.95238,0.954877,0.987203,1,0.901659,0.862111,0.849492,0.954492,0.258612,0.752824,0.91961,0.911222
48.828125,0.469393,0.178408,0.663788,0.609542,0.307294,0.189556,0.647713,0.696719,0.687784,0.096066,0.109295,0.547575,0.430876,0.229858,0.093516,0.416259,0.919379,0.89322,0.721106,0.961368,0.957858,0.954389,0.985253,1,0.909211,0.922063,0.896116,0.964906,0.080336,0.79908,0.943477,0.936011
49.21875,0.435089,0.08604,0.511763,0.434269,0.28916,0.067531,0.561614,0.498807,0.479264,0.155929,0.07083,0.552692,0.255948,0.227478,0.103413,0.265292,0.899075,0.872765,0.743046,0.966077,0.950334,0.959153,0.986135,1,0.92306,0.89531,0.864477,0.960661,0.054404,0.74922,0.929081,0.918004
49.609375,0.448861,0.162415,0.392342,0.35592,0.180535,0.147547,0.421912,0.399059,0.361983,0.112818,0.065871,0.462194,0.307539,0.363243,0.212601,0.270041,0.857062,0.819635,0.682785,0.954939,0.933342,0.948092,0.982725,1,0.910246,0.862794,0.816869,0.945253,0.062454,0.706439,0.901385,0.890767
50,0.572456,0.233994,0.566849,0.499657,0.312355,0.216012,0.608966,0.601274,0.454686,0.075023,0.119077,0.615586,0.276442,0.245417,0.140364,0.493132,0.936763,0.905269,0.773936,0.972607,0.968921,0.957925,0.988773,1,0.933199,0.918323,0.889373,0.966105,0.137315,0.812163,0.941428,0.936326
50.390625,0.497439,0.19525,0.556379,0.49869,0.314326,0.10854,0.591657,0.599414,0.491642,0.126242,0.046185,0.578757,0.135834,0.047266,0.154883,0.400539,0.884503,0.848042,0.697052,0.969335,0.959625,0.936544,0.987861,1,0.91182,0.90958,0.812866,0.956795,0.011543,0.68299,0.91277,0.906431
50.78125,0.457857,0.215996,0.589857,0.541687,0.233462,0.042954,0.571883,0.590501,0.596336,0.110197,0.001656,0.489661,0.378921,0.089606,0.177766,0.349694,0.867153,0.839636,0.594931,0.954559,0.950552,0.947914,0.985931,1,0.929533,0.9004,0.822642,0.933345,0.099871,0.725189,0.892849,0.886514
51.171875,0.468292,0.260533,0.581787,0.576775,0.229235,0.215631,0.624573,0.591369,0.70002,0.195817,0.042989,0.596763,0.337886,0.32078,0.296397,0.466263,0.907537,0.875772,0.694995,0.969423,0.957743,0.963915,0.989664,1,0.916357,0.897923,0.865166,0.966442,0.10022,0.769898,0.93585,0.93286
51.5625,0.583316,0.039531,0.638819,0.596227,0.241961,0.078395,0.656451,0.626596,0.643019,0.175288,0.028652,0.667169,0.389897,0.28246,0.148662,0.354272,0.899077,0.851874,0.623547,0.955251,0.952424,0.941615,0.986525,1,0.90501,0.88962,0.808397,0.939458,0.146565,0.726146,0.891864,0.892453
51.953125,0.474939,0.037761,0.576086,0.519789,0.232436,0.058081,0.604836,0.599087,0.581007,0.153994,0.042325,0.586396,0.355795,0.267382,0.122337,0.323881,0.899191,0.854314,0.786295,0.973474,0.958143,0.949434,0.990464,1,0.925675,0.891613,0.841803,0.953488,0.254613,0.749936,0.919138,0.909246
52.34375,0.536721,0.132239,0.549876,0.48201,0.24209,0.113024,0.599385,0.622354,0.585383,0.191306,0.022923,0.621807,0.245504,0.195855,0.164794,0.367318,0.878916,0.841188,0.78632,0.973663,0.94307,0.94746,0.987177,1,0.931981,0.87458,0.863796,0.961976,0.171221,0.754646,0.932685,0.923126
52.734375,0.579408,0.187767,0.570128,0.433588,0.179112,0.305981,0.562687,0.53593,0.69135,0.064715,0.074867,0.566389,0.351253,0.275166,0.096155,0.391078,0.894933,0.863668,0.820047,0.974564,0.94044,0.93863,0.989637,1,0.925732,0.902339,0.831255,0.949969,0.161486,0.726661,0.913233,0.921807
53.125,0.628833,0.164218,0.590027,0.522024,0.287892,0.321709,0.638288,0.583007,0.569814,0.179748,0.044801,0.642006,0.367941,0.303413,0.108519,0.413677,0.907209,0.865338,0.748696,0.9674,0.95098,0.934947,0.986463,1,0.91896,0.912724,0.839761,0.9515,0.177067,0.747948,0.912712,0.913057
53.515625,0.574911,0.157766,0.598056,0.521039,0.261507,0.249827,0.612538,0.576764,0.52619,0.28466,0.042169,0.605718,0.365082,0.380144,0.07268,0.383065,0.930583,0.893393,0.775765,0.974807,0.961829,0.954071,0.986833,1,0.907604,0.917813,0.898617,0.968943,0.257872,0.806902,0.944243,0.940725
53.90625,0.565567,0.197013,0.587596,0.524403,0.395217,0.264914,0.566739,0.535945,0.499816,0.143806,0.181215,0.653944,0.345655,0.233405,0.265424,0.468732,0.913782,0.870248,0.675487,0.967944,0.968104,0.971692,0.988496,1,0.918976,0.934289,0.887573,0.968215,0.239379,0.796261,0.943438,0.93735
54.296875,0.596298,0.323378,0.574245,0.530216,0.306967,0.339556,0.605335,0.566915,0.599368,0.100713,0.130972,0.581085,0.323892,0.116349,0.265352,0.456379,0.921939,0.877919,0.702751,0.966897,0.960499,0.961523,0.987003,1,0.934674,0.934893,0.853145,0.958991,0.275279,0.745913,0.926394,0.91724
54.6875,0.36507,0.267278,0.505343,0.421633,0.271295,0.282422,0.576634,0.597558,0.519629,0.204694,0.016017,0.507704,0.273893,0.152208,0.118725,0.399316,0.864597,0.804949,0.681792,0.967199,0.954925,0.944019,0.986415,1,0.892825,0.861152,0.812941,0.953596,0.236176,0.686363,0.912982,0.901275
55.078125,0.572442,0.129762,0.628038,0.498644,0.353057,0.206495,0.656668,0.672939,0.624145,0.061963,0.12806,0.642898,0.453686,0.213679,0.235004,0.43099,0.875063,0.82575,0.715767,0.972664,0.947446,0.953181,0.984679,1,0.912595,0.889422,0.828333,0.96116,0.246217,0.720922,0.906423,0.910254
55.46875,0.482356,0.090696,0.517656,0.397994,0.247611,0.129695,0.58035,0.592978,0.713719,0.116325,0.238486,0.557471,0.281894,0.266044,0.287031,0.402378,0.866351,0.799074,0.667268,0.972375,0.925672,0.921807,0.983434,1,0.916435,0.892837,0.741591,0.945559,0.126929,0.605908,0.87573,0.871437
55.859375,0.494208,0.081786,0.605446,0.572028,0.428629,0.218824,0.664993,0.633596,0.677891,0.320666,0.143153,0.536521,0.366092,0.220959,0.28858,0.474035,0.879721,0.813784,0.704729,0.974325,0.942733,0.953291,0.990042,1,0.920957,0.889488,0.840168,0.956398,0.088334,0.729141,0.918993,0.915789
56.25,0.472099,0.077086,0.642849,0.560728,0.438837,0.224995,0.604897,0.570993,0.558197,0.115829,0.103887,0.551279,0.339445,0.152445,0.164401,0.421415,0.85683,0.798418,0.654622,0.963781,0.937948,0.954181,0.988524,1,0.924754,0.898491,0.824613,0.95319,0.060628,0.69761,0.916266,0.905086
56.640625,0.45123,0.304854,0.614387,0.610075,0.269028,0.235129,0.595861,0.486403,0.551951,0.143083,0.028541,0.60862,0.393863,0.131478,0.187621,0.410848,0.841652,0.776325,0.635429,0.96766,0.949838,0.940344,0.987546,1,0.913367,0.869971,0.806456,0.951185,0.064111,0.660214,0.899291,0.889914
57.03125,0.518638,0.081646,0.601123,0.580156,0.50702,0.169488,0.614756,0.605688,0.593112,0.188441,0.065038,0.669095,0.360198,0.331722,0.209219,0.466415,0.879656,0.848653,0.639348,0.97288,0.957622,0.952688,0.991204,1,0.914908,0.891131,0.852093,0.960293,0.158702,0.750262,0.924157,0.920697
57.421875,0.480245,0.044959,0.604705,0.583243,0.403749,0.120003,0.643328,0.654009,0.623277,0.195147,0.053056,0.573277,0.384237,0.391498,0.161294,0.312569,0.899267,0.870983,0.78941,0.978823,0.956955,0.960309,0.990124,1,0.91117,0.892936,0.875005,0.961605,0.125876,0.787128,0.928148,0.928543
57.8125,0.379464,0.164589,0.592666,0.510768,0.389923,0.193608,0.627101,0.598086,0.514871,0.169756,0.018763,0.496953,0.448864,0.351674,0.051078,0.272731,0.885982,0.852667,0.695276,0.969907,0.965319,0.963,0.988679,1,0.925646,0.904158,0.866845,0.955479,0.127181,0.763631,0.928906,0.921007
58.203125,0.381106,0.203827,0.514765,0.430597,0.335017,0.220468,0.516445,0.485428,0.465912,0.102498,0.03679,0.510858,0.341062,0.268565,0.019137,0.283901,0.831166,0.790347,0.609099,0.95735,0.93492,0.9417,0.978189,1,0.915156,0.851603,0.803163,0.940898,0.180011,0.694,0.891208,0.876601
58.59375,0.573503,0.051449,0.494675,0.48147,0.254457,0.187584,0.570936,0.501763,0.434705,0.185156,0.107432,0.514874,0.275981,0.179059,0.129499,0.362181,0.827414,0.787896,0.620805,0.956624,0.930147,0.937854,0.98152,1,0.890646,0.899325,0.771595,0.926898,0.104469,0.694118,0.860262,0.859702
58.984375,0.545657,0.129027,0.629288,0.620491,0.260858,0.243427,0.659803,0.638707,0.662177,0.232162,0.149693,0.590015,0.43493,0.330557,0.154821,0.36055,0.895876,0.862859,0.737484,0.972462,0.958699,0.952769,0.98598,1,0.92423,0.905982,0.858619,0.965461,0.052603,0.74993,0.931333,0.931272
59.375,0.327432,0.118786,0.585206,0.499905,0.337471,0.282305,0.637657,0.560657,0.638739,0.109436,0.123563,0.545911,0.357286,0.181918,0.129309,0.296599,0.859145,0.828722,0.607318,0.956666,0.932434,0.942906,0.978512,1,0.916384,0.864975,0.856754,0.955729,0.076981,0.74983,0.928774,0.924263
59.765625,0.250403,0.11591,0.411176,0.321217,0.1991,0.081149,0.408851,0.3464,0.41492,0.10208,0.059008,0.454114,0.239617,0.145262,0.045241,0.132651,0.851848,0.807779,0.599345,0.954551,0.926645,0.929408,0.979208,1,0.847708,0.826545,0.834344,0.957498,0.175347,0.735694,0.917756,0.899188
60.15625,0.205176,0.062397,0.501362,0.349687,0.2993,0.051625,0.37009,0.30603,0.242157,0.118191,0.064628,0.27691,0.204035,0.151718,0.063408,0.123372,0.854575,0.810577,0.658991,0.970674,0.937012,0.931952,0.984988,1,0.886003,0.876682,0.823722,0.950141,0.053188,0.6608,0.908624,0.887949
60.546875,0.287509,0.200097,0.358368,0.307773,0.150808,0.230916,0.393879,0.30912,0.358911,0.063384,0.015571,0.257816,0.248343,0.139335,0.00738,0.143127,0.828542,0.735736,0.647428,0.950527,0.948202,0.954574,0.979921,1,0.913075,0.876522,0.831919,0.954793,0.041165,0.644204,0.920629,0.911521
60.9375,0.431747,0.166054,0.411648,0.296287,0.241729,0.162791,0.42233,0.43639,0.452175,0.055884,0.021077,0.403159,0.171129,0.14853,0.086497,0.257939,0.805766,0.712254,0.627794,0.959132,0.955571,0.953927,0.981782,1,0.89767,0.868595,0.789809,0.956128,0.037864,0.635868,0.900406,0.896569
61.328125,0.208894,0.24339,0.296986,0.314786,0.180051,0.239646,0.287634,0.26245,0.419372,0.063341,0.025026,0.245975,0.134561,0.108678,0.041347,0.152931,0.786507,0.71801,0.627837,0.959229,0.916415,0.926907,0.983498,1,0.911477,0.863514,0.733333,0.937321,0.007856,0.576203,0.870344,0.869011
61.71875,0.302736,0.068052,0.361845,0.344051,0.1009,0.14833,0.303718,0.294909,0.371416,0.052678,0.061882,0.313389,0.102504,0.022244,0.067908,0.107976,0.781344,0.714029,0.696617,0.955044,0.925679,0.927743,0.976132,1,0.884167,0.86225,0.751453,0.918789,0.112841,0.609616,0.869077,0.862814
62.109375,0.330397,0.014273,0.393666,0.325462,0.18498,0.061447,0.401298,0.405471,0.40982,0.104434,0.009853,0.369844,0.123733,0.097044,0.028274,0.242115,0.889369,0.825683,0.75139,0.975568,0.959796,0.94702,0.983893,1,0.908805,0.886872,0.864964,0.958169,0.147602,0.740455,0.93464,0.928389
62.5,0.431464,0.076725,0.555987,0.417557,0.365682,0.02785,0.585795,0.509364,0.597715,0.113587,0.01575,0.672564,0.226966,0.185709,0.101763,0.297848,0.878125,0.821899,0.61651,0.961519,0.955978,0.960176,0.979551,1,0.899836,0.810803,0.857108,0.969531,0.135389,0.719195,0.93192,0.925894
62.890625,0.378157,0.048498,0.527513,0.361386,0.244419,0.0835,0.513164,0.515307,0.487548,0.09509,0.083169,0.501905,0.2352,0.101195,0.066791,0.160162,0.847977,0.756685,0.519532,0.952742,0.930323,0.936875,0.97798,1,0.865977,0.816903,0.813268,0.937854,0.047339,0.673362,0.907301,0.887645
63.28125,0.399158,0.020947,0.537876,0.504397,0.280543,0.145426,0.562,0.559583,0.505638,0.170082,0.037365,0.538075,0.307106,0.14927,0.007087,0.291992,0.852284,0.758367,0.45286,0.947445,0.928897,0.936189,0.972471,1,0.867285,0.823847,0.780006,0.938499,0.048216,0.627535,0.894706,0.873958
63.671875,0.207152,0.006889,0.389774,0.387889,0.191749,0.018414,0.373752,0.292423,0.331477,0.242612,0.036116,0.337117,0.161842,0.109397,0.011885,0.094179,0.82092,0.73331,0.59007,0.942819,0.921372,0.927609,0.975661,1,0.903155,0.828926,0.705913,0.92912,0.07922,0.550861,0.85546,0.837567
64.0625,0.381275,0.0202,0.559296,0.595864,0.361112,0.094863,0.563025,0.582378,0.501612,0.228096,0.013071,0.569006,0.32818,0.337422,0.075145,0.332094,0.872745,0.807121,0.596587,0.952709,0.943352,0.947579,0.986729,1,0.928911,0.878394,0.835251,0.958661,0.026189,0.735039,0.924407,0.915466
64.453125,0.358304,0.033037,0.565022,0.575625,0.259111,0.082482,0.537576,0.558877,0.590947,0.189358,0.012642,0.411233,0.168778,0.168347,0.101446,0.253041,0.775483,0.744716,0.49796,0.945667,0.918761,0.939448,0.980105,1,0.890552,0.844505,0.741181,0.93914,0.070302,0.586831,0.871661,0.873376
64.84375,0.227557,0.048946,0.343346,0.339424,0.047265,0.110253,0.391382,0.414051,0.497421,0.158796,0.031848,0.462108,0.214102,0.212695,0.016118,0.214362,0.834211,0.753617,0.497049,0.948387,0.933023,0.938447,0.979424,1,0.926327,0.861357,0.781115,0.943206,0.031083,0.625448,0.889478,0.879878
65.234375,0.422409,0.0128,0.441902,0.335077,0.239629,0.034019,0.437504,0.43047,0.394039,0.024268,0.099691,0.445503,0.169979,0.047969,0.131603,0.27215,0.868982,0.798039,0.658567,0.975303,0.950138,0.950111,0.983024,1,0.948151,0.9021,0.850233,0.964936,0.063664,0.717411,0.921508,0.923664
65.625,0.43534,0.052252,0.49175,0.447108,0.226875,0.084356,0.553782,0.532364,0.465409,0.167905,0.039188,0.514261,0.132912,0.08136,0.093176,0.281943,0.856205,0.826365,0.61086,0.960471,0.943886,0.953301,0.98513,1,0.936399,0.895103,0.833997,0.944051,0.044688,0.685259,0.916543,0.903785
66.015625,0.3133,0.078838,0.465834,0.374863,0.142424,0.020021,0.472412,0.494951,0.556025,0.15809,0.023637,0.380016,0.113039,0.087418,0.118043,0.153435,0.88038,0.837125,0.474848,0.941305,0.936707,0.943027,0.970466,1,0.888829,0.809489,0.830147,0.951193,0.083435,0.667674,0.923432,0.904389
66.40625,0.170658,0.094963,0.412237,0.416908,0.264738,0.073642,0.428654,0.431098,0.454954,0.045654,0.010822,0.278469,0.098156,0.234426,0.043169,0.278349,0.836393,0.768781,0.583351,0.941277,0.939201,0.941698,0.980226,1,0.912307,0.859597,0.807303,0.940261,0.041052,0.655021,0.904584,0.899592
66.796875,0.232814,0.035403,0.441211,0.271003,0.245799,0.126487,0.478404,0.406385,0.431232,0.106563,0.017118,0.421168,0.281878,0.114997,0.02318,0.189945,0.846922,0.76291,0.545051,0.9501,0.923766,0.939741,0.981645,1,0.905736,0.866831,0.824371,0.936773,0.145596,0.717317,0.901819,0.891491
67.1875,0.358606,0.047126,0.445755,0.368143,0.342658,0.046639,0.438132,0.386818,0.38652,0.034661,0.007008,0.545601,0.192383,0.083122,0.047157,0.268822,0.795844,0.713925,0.674467,0.957333,0.927997,0.938158,0.983907,1,0.916649,0.871242,0.773584,0.936447,0.125693,0.600314,0.890814,0.888694
67.578125,0.461424,0.056168,0.520751,0.469964,0.351246,0.191601,0.448661,0.423321,0.42913,0.026851,0.0415,0.500733,0.189308,0.058164,0.066009,0.295071,0.790523,0.738309,0.553836,0.951222,0.898285,0.905697,0.973963,1,0.870331,0.808545,0.766065,0.926555,0.018906,0.59905,0.878096,0.862933
67.96875,0.266496,0.027046,0.416665,0.33171,0.28775,0.036028,0.433886,0.420883,0.39356,0.039152,0.036948,0.359409,0.249075,0.027281,0.027231,0.099522,0.848598,0.804101,0.519473,0.947711,0.920706,0.92683,0.976312,1,0.893152,0.865739,0.802026,0.939068,0.02192,0.668403,0.8968,0.872239
68.359375,0.257918,0.025656,0.476232,0.429811,0.291853,0.083633,0.485714,0.397311,0.584757,0.162486,0.000275,0.573725,0.299101,0.209316,0.110536,0.16972,0.885347,0.824708,0.609742,0.951151,0.92753,0.939341,0.981551,1,0.865115,0.842771,0.843128,0.963129,0.012844,0.699035,0.933622,0.921859
68.75,0.1613,0.062227,0.276359,0.319979,0.235617,0.06741,0.317929,0.278896,0.381206,0.060774,0.015534,0.282568,0.140423,0.132889,0.014878,0.115474,0.788165,0.724763,0.576911,0.942429,0.923746,0.916062,0.978413,1,0.91155,0.864628,0.705434,0.918096,0.047634,0.525733,0.855683,0.835465
69.140625,0.222067,0.066609,0.320194,0.307546,0.224824,0.113182,0.323285,0.25221,0.300912,0.006545,0.05953,0.250986,0.214379,0.071888,0.050668,0.310898,0.784463,0.687416,0.592355,0.953493,0.914586,0.918814,0.979638,1,0.905493,0.8892,0.691689,0.920139,0.102476,0.478763,0.846206,0.855167
69.53125,0.14751,0.013078,0.350242,0.325452,0.19685,0.011766,0.354418,0.350533,0.360314,0.077661,0.02382,0.342229,0.161771,0.022613,0.02927,0.159971,0.792823,0.736544,0.570028,0.955693,0.892695,0.931282,0.979088,1,0.89816,0.831897,0.713398,0.92257,0.050079,0.563518,0.848474,0.822263
69.921875,0.178441,0.04645,0.350437,0.258705,0.187087,0.062649,0.308234,0.368639,0.265999,0.126465,0.033835,0.354187,0.207102,0.077899,0.021103,0.154617,0.753794,0.660989,0.412773,0.913438,0.893463,0.913469,0.957779,1,0.830402,0.723869,0.666197,0.915905,0.011992,0.496921,0.835455,0.809045
70.3125,0.180181,0.118148,0.314382,0.322981,0.262521,0.211051,0.349504,0.331034,0.46051,0.094205,0.002723,0.35044,0.187102,0.112065,0.046321,0.137059,0.815092,0.724189,0.507605,0.936068,0.912272,0.905011,0.960801,1,0.852622,0.828778,0.699022,0.936529,0.014569,0.512067,0.870074,0.865988
70.703125,0.182011,0.038413,0.407255,0.318515,0.203261,0.14793,0.460374,0.438713,0.560292,0.124061,0.039751,0.455789,0.415475,0.090956,0.002725,0.170777,0.865393,0.814754,0.564913,0.950696,0.924846,0.934487,0.982652,1,0.9025,0.885248,0.803236,0.941634,0.081561,0.660605,0.903786,0.885433
71.09375,0.221765,0.096804,0.389387,0.352718,0.15642,0.175493,0.397912,0.412778,0.410963,0.144127,0.01902,0.450332,0.265441,0.155806,0.007958,0.289936,0.86072,0.82345,0.487059,0.95252,0.932966,0.934483,0.972517,1,0.870485,0.849752,0.838669,0.945368,0.199999,0.742623,0.911105,0.898469
71.484375,0.167335,0.02807,0.220893,0.186221,0.10153,0.032255,0.300666,0.285309,0.268487,0.066164,0.044639,0.353011,0.084179,0.065634,0.03737,0.229246,0.740179,0.678511,0.406311,0.938782,0.905684,0.921614,0.954816,1,0.785941,0.70227,0.719979,0.920777,0.091817,0.549718,0.857229,0.835517
71.875,0.33359,0.005149,0.28621,0.256772,0.07786,0.039887,0.339395,0.340061,0.292259,0.04615,0.028789,0.269061,0.128938,0.078346,0.037477,0.224518,0.813287,0.738826,0.495016,0.930017,0.92594,0.923335,0.961167,1,0.854796,0.807159,0.782645,0.919538,0.096344,0.655519,0.87116,0.843842
72.265625,0.353978,0.003976,0.403712,0.363095,0.06108,0.009549,0.408054,0.373034,0.40587,0.137364,0.004785,0.283198,0.150423,0.063285,0.051904,0.133321,0.814348,0.757035,0.596611,0.954032,0.919167,0.919854,0.973642,1,0.850363,0.831646,0.76833,0.928979,0.093498,0.644496,0.875743,0.848476
72.65625,0.176219,0.002483,0.275154,0.26477,0.035224,0.08894,0.24935,0.32651,0.239849,0.17871,0.040234,0.250295,0.242041,0.136064,0.029674,0.049928,0.800184,0.724757,0.516779,0.935434,0.89753,0.918965,0.969747,1,0.857624,0.802789,0.746589,0.932668,0.110989,0.574257,0.868965,0.851914
73.046875,0.273576,0.002946,0.272238,0.289789,0.158265,0.051447,0.327685,0.396696,0.247169,0.082747,0.076628,0.282689,0.278963,0.154356,0.065915,0.096329,0.807986,0.741325,0.607982,0.945919,0.898384,0.933539,0.971324,1,0.888445,0.805111,0.742085,0.914663,0.045854,0.567303,0.867547,0.85122
73.4375,0.341222,0.009525,0.353975,0.300353,0.169593,0.059825,0.378164,0.413987,0.321846,0.065948,0.103005,0.343097,0.228928,0.03628,0.07359,0.20957,0.771301,0.680212,0.544013,0.944289,0.893093,0.913043,0.97143,1,0.853706,0.833819,0.739068,0.908087,0.046284,0.598815,0.864976,0.830105
73.828125,0.179156,0.014425,0.293191,0.246342,0.068403,0.024535,0.35246,0.266496,0.45257,0.041319,0.077309,0.373961,0.308353,0.055938,0.045374,0.222886,0.86211,0.773464,0.549727,0.94931,0.933517,0.933811,0.972343,1,0.87075,0.836474,0.828535,0.939321,0.089927,0.714703,0.902231,0.871212
74.21875,0.039559,0.00095,0.158256,0.102074,0.024684,0.017187,0.166179,0.130571,0.37969,0.007431,0.023321,0.184866,0.178763,0.035676,0.001982,0.084427,0.822021,0.783881,0.542993,0.941234,0.907375,0.912689,0.966313,1,0.83183,0.782763,0.709014,0.911567,0.155949,0.583037,0.853449,0.808123
74.609375,0.1561,0.025646,0.257196,0.204139,0.06168,0.041179,0.243642,0.237401,0.257902,0.042927,0.011142,0.265947,0.082874,0.055363,0.002903,0.054981,0.754518,0.706746,0.522843,0.93214,0.89424,0.877302,0.954875,1,0.809254,0.759848,0.690602,0.901863,0.089561,0.525881,0.837943,0.813149
75,0.289344,0.06692,0.284605,0.262809,0.165475,0.117596,0.30044,0.290161,0.250556,0.023435,0.011524,0.26937,0.071996,0.060395,0.004282,0.117231,0.818452,0.798913,0.614625,0.950576,0.914302,0.913022,0.975468,1,0.894522,0.852476,0.800167,0.944776,0.045092,0.651002,0.914372,0.903848
75.390625,0.126666,0.012359,0.161144,0.140027,0.129846,0.1264,0.210525,0.219399,0.219865,0.025542,0.107867,0.160479,0.052411,0.04244,0.040953,0.085524,0.747281,0.678341,0.544172,0.935609,0.88066,0.917347,0.974994,1,0.8464,0.764607,0.717699,0.89958,0.116254,0.556366,0.835257,0.816353
75.78125,0.131583,0.013956,0.155765,0.164336,0.121193,0.083326,0.188058,0.175553,0.257177,0.004889,0.02146,0.193721,0.09959,0.020506,0.023238,0.125626,0.779772,0.694032,0.43542,0.920491,0.886867,0.900089,0.96709,1,0.817218,0.759574,0.671051,0.874418,0.059391,0.494414,0.828171,0.777329
76.171875,0.09381,0.000245,0.195966,0.202855,0.085074,0.06155,0.300202,0.20292,0.193377,0.011717,0.039549,0.253292,0.098379,0.082809,0.011432,0.086947,0.818134,0.754718,0.440702,0.927955,0.875269,0.907859,0.961795,1,0.810652,0.729905,0.757093,0.920125,0.036709,0.595714,0.878944,0.849234
76.5625,0.17284,0.002969,0.296454,0.180865,0.148968,0.096481,0.266604,0.264566,0.40895,0.031038,0.007314,0.34821,0.060319,0.005086,0.008132,0.113466,0.828861,0.760312,0.585923,0.951442,0.908972,0.913001,0.972723,1,0.854914,0.801742,0.795102,0.942926,0.091177,0.667073,0.896942,0.879058
76.953125,0.051655,0.024396,0.075284,0.090273,0.077833,0.014026,0.068391,0.078144,0.206696,0.026846,0.028088,0.161903,0.021844,0.020222,0.00624,0.074249,0.73457,0.619256,0.560768,0.922759,0.888834,0.866774,0.967098,1,0.855158,0.80915,0.632622,0.8804,0.0913,0.435527,0.793574,0.791597
77.34375,0.02669,0.015673,0.212436,0.172933,0.08469,0.102812,0.265099,0.164423,0.306775,0.08177,0.020747,0.187745,0.120739,0.065708,0.041408,0.051018,0.821615,0.750065,0.6248,0.933304,0.895399,0.907525,0.966508,1,0.876073,0.796106,0.735383,0.912192,0.250868,0.561426,0.841103,0.829238
77.734375,0.045456,0.006754,0.093706,0.094942,0.063532,0.132154,0.075766,0.082541,0.231895,0.038863,0.040596,0.163168,0.03399,0.028044,0.051335,0.077713,0.683726,0.585398,0.541494,0.929869,0.875287,0.849389,0.965673,1,0.828076,0.779738,0.576638,0.872731,0.077656,0.37453,0.752525,0.736221
78.125,0.117529,0.01058,0.145082,0.155523,0.094536,0.04554,0.167425,0.097583,0.240567,0.009179,0.085056,0.26052,0.039207,0.11654,0.015449,0.093994,0.757557,0.681418,0.387802,0.909354,0.861109,0.860684,0.960223,1,0.740281,0.690281,0.65068,0.876121,0.116924,0.496809,0.781084,0.770861
78.515625,0.239722,0.011529,0.169821,0.148672,0.056833,0.083874,0.13575,0.103088,0.072766,0.02498,0.034518,0.141873,0.052711,0.010007,0.042551,0.030197,0.770534,0.700684,0.425726,0.913399,0.911937,0.891523,0.967091,1,0.74793,0.638664,0.73041,0.909683,0.082203,0.575162,0.856852,0.822664
78.90625,0.143469,0.028902,0.123007,0.097725,0.092917,0.030602,0.098777,0.107995,0.104307,0.027987,0.030175,0.164499,0.07825,0.000572,0.014986,0.066554,0.702697,0.630454,0.44881,0.911898,0.863796,0.877524,0.958454,1,0.766137,0.645844,0.678561,0.860056,0.061861,0.521025,0.805651,0.767201
79.296875,0.322254,0.035842,0.22762,0.239736,0.10676,0.098769,0.234114,0.181771,0.111487,0.101598,0.015139,0.216654,0.085437,0.0448,0.001022,0.061957,0.733223,0.668653,0.41872,0.913904,0.878227,0.876141,0.957581,1,0.788372,0.757889,0.698226,0.895302,0.123477,0.559428,0.841448,0.816394
79.6875,0.247432,0.021651,0.294295,0.286956,0.088281,0.081434,0.250384,0.209211,0.249977,0.097789,0.039265,0.270763,0.072386,0.093776,0.02382,0.188075,0.794231,0.748619,0.540759,0.938752,0.862443,0.906613,0.976023,1,0.812508,0.817015,0.743077,0.921798,0.099632,0.588793,0.876158,0.852952
80.078125,0.096832,0.013702,0.127761,0.150921,0.142458,0.064313,0.109731,0.027097,0.143306,0.017463,0.081018,0.164791,0.045606,0.057469,0.084274,0.080767,0.721824,0.670133,0.600277,0.931807,0.861102,0.902096,0.965363,1,0.833631,0.795486,0.599563,0.868528,0.007932,0.405745,0.789589,0.761702
80.46875,0.171673,0.074114,0.182789,0.194525,0.053486,0.035325,0.242595,0.245973,0.222772,0.124617,0.039162,0.05703,0.05535,0.134101,0.04374,0.037023,0.719818,0.679521,0.54149,0.904863,0.840047,0.856687,0.970637,1,0.737411,0.740141,0.634663,0.848805,0.041904,0.462617,0.792209,0.733715
80.859375,0.090666,0.020051,0.095853,0.063451,0.034881,0.020704,0.08544,0.198931,0.121225,0.061061,0.000991,0.080032,0.041836,0.062094,0.008258,0.097838,0.754701,0.684731,0.554607,0.918072,0.872086,0.8555,0.960188,1,0.74886,0.67704,0.67014,0.86895,0.114442,0.506338,0.793383,0.764388
81.25,0.0146,0.077289,0.102558,0.131437,0.00583,0.016788,0.064832,0.109627,0.248382,0.048457,0.00367,0.107071,0.099596,0.060497,0.011833,0.036674,0.799973,0.724625,0.510093,0.91096,0.827468,0.862931,0.942083,1,0.759311,0.708627,0.65052,0.862203,0.0868,0.501978,0.794185,0.785387
81.640625,0.124555,0.017429,0.153644,0.153124,0.019117,0.055971,0.244091,0.209944,0.239083,0.06017,0.025006,0.233383,0.155982,0.039526,0.018299,0.052355,0.662105,0.577639,0.475703,0.884458,0.801569,0.812985,0.936654,1,0.722568,0.670932,0.536404,0.830394,0.176852,0.3523,0.737137,0.704673
82.03125,0.078209,0.0306,0.058982,0.117264,0.056205,0.16663,0.141773,0.068886,0.277734,0.01333,0.060903,0.151065,0.129303,0.032467,0.016043,0.109647,0.673849,0.582587,0.455585,0.872337,0.811392,0.819543,0.956342,1,0.738708,0.674988,0.584228,0.846812,0.12034,0.378455,0.78235,0.745102
82.421875,0.202116,0.030118,0.12978,0.103929,0.107395,0.044962,0.171116,0.158149,0.139406,0.011894,0.042773,0.150963,0.007634,0.036897,0.038944,0.065266,0.680124,0.656703,0.492843,0.893654,0.835838,0.85553,0.948457,1,0.768139,0.6906,0.647766,0.867899,0.093893,0.451068,0.798072,0.766419
82.8125,0.131305,0.013359,0.26844,0.194527,0.176384,0.029833,0.30052,0.24994,0.238886,0.085146,0.098902,0.282174,0.097729,0.070359,0.001293,0.035204,0.680327,0.595656,0.470716,0.915978,0.846085,0.847518,0.941456,1,0.69817,0.660172,0.579543,0.837973,0.024827,0.357189,0.743968,0.735875
83.203125,0.086326,0.008345,0.290789,0.089162,0.053473,0.022571,0.339633,0.288753,0.283788,0.172311,0.036007,0.25834,0.167688,0.112914,0.014182,0.078312,0.731913,0.610087,0.525913,0.922097,0.809719,0.845346,0.948626,1,0.712823,0.601996,0.606425,0.875224,0.025805,0.448543,0.782755,0.752483
83.59375,0.023168,0.021016,0.137647,0.048645,0.019876,0.041396,0.103818,0.096201,0.134702,0.059622,0.00416,0.080096,0.038535,0.014536,0.014254,0.019478,0.587504,0.575497,0.502619,0.877314,0.765444,0.789994,0.927927,1,0.75495,0.670974,0.492036,0.829894,0.02906,0.304852,0.699799,0.65927
83.984375,0.001369,0.017323,0.082185,0.060982,0.014628,0.012202,0.092084,0.056053,0.04421,0.163376,0.004486,0.140064,0.179306,0.115696,0.071012,0.015357,0.720231,0.632997,0.314296,0.859168,0.78722,0.751654,0.907778,1,0.662741,0.50096,0.547481,0.865359,0.002322,0.292784,0.776416,0.754729
84.375,0.086104,0.023272,0.082122,0.05943,0.033195,0.046488,0.096955,0.093576,0.111141,0.01954,0.020815,0.191374,0.018175,0.014672,0.03468,0.104446,0.690229,0.60287,0.347262,0.874782,0.813324,0.808236,0.923867,1,0.751783,0.585711,0.585857,0.802466,0.022722,0.367439,0.734903,0.721173
84.765625,0.183497,0.017095,0.207494,0.124491,0.058223,0.005205,0.208663,0.219339,0.16426,0.040713,0.009682,0.185063,0.059522,0.049459,0.008816,0.144278,0.728651,0.650563,0.376403,0.886435,0.81999,0.790968,0.957878,1,0.767327,0.580835,0.644195,0.844019,0.033752,0.455141,0.7948,0.737228
85.15625,0.227526,0.002376,0.216415,0.110733,0.088997,0.019997,0.222758,0.194227,0.146029,0.00258,0.012,0.265535,0.128494,0.025518,0.033214,0.056693,0.676726,0.554879,0.245371,0.888265,0.760493,0.706374,0.940802,1,0.764938,0.527602,0.523812,0.832949,0.01,0.31608,0.733479,0.701878
85.546875,0.103115,0.06496,0.16737,0.158486,0.143886,0.009568,0.200572,0.128236,0.181141,0.014711,0.037085,0.28317,0.04091,0.009959,0.037664,0.077657,0.769872,0.624491,0.316271,0.880613,0.823744,0.822319,0.9458,1,0.679957,0.508053,0.62808,0.861925,0.127415,0.482395,0.78301,0.761592
85.9375,0.141395,0.03366,0.290639,0.298242,0.160184,0.033648,0.318025,0.250695,0.335526,0.088568,0.020235,0.359232,0.218737,0.072081,0.048224,0.086881,0.80659,0.695521,0.35055,0.886651,0.885101,0.873573,0.94875,1,0.757959,0.650093,0.691945,0.903131,0.019,0.519324,0.845794,0.831623
86.328125,0.107981,0.039571,0.209693,0.170657,0.060353,0.005383,0.169883,0.164752,0.169515,0.043924,0.045277,0.207656,0.058579,0.041675,0.027768,0.080281,0.683927,0.598905,0.355323,0.849456,0.840408,0.768024,0.945264,1,0.721782,0.615065,0.564907,0.826268,0.024448,0.380558,0.746572,0.698793
86.71875,0.088719,0.028473,0.05512,0.030708,0.047967,0.013953,0.15957,0.127209,0.102886,0.047344,0.06013,0.11031,0.006404,0.101485,0.031506,0.051649,0.722813,0.661613,0.32824,0.896025,0.825631,0.791543,0.949393,1,0.757082,0.514419,0.659144,0.826733,0.007211,0.45865,0.776132,0.718467
87.109375,0.099253,0.017187,0.065583,0.020288,0.061777,0.022606,0.158766,0.159999,0.101778,0.013044,0.04778,0.123064,0.024326,0.020078,0.0348,0.046321,0.704537,0.661752,0.370082,0.879392,0.798611,0.79586,0.948111,1,0.76602,0.612103,0.536904,0.852229,0.010649,0.367942,0.76088,0.719617
87.5,0.015657,0.060002,0.053809,0.09301,0.018486,0.016587,0.133229,0.058775,0.135471,0.056351,0.047309,0.036643,0.054919,0.043261,0.016003,0.011799,0.604214,0.591863,0.357662,0.84685,0.712208,0.755347,0.899058,1,0.679748,0.537168,0.429673,0.792373,0.138848,0.32367,0.675882,0.589882
87.890625,0.013684,0.077466,0.084575,0.094836,0.039692,0.097612,0.09233,0.065653,0.143795,0.049515,0.011408,0.040718,0.087512,0.115044,0.015358,0.056748,0.695112,0.60805,0.528752,0.896927,0.838641,0.807169,0.953124,1,0.780354,0.594555,0.543975,0.87608,0.15774,0.370336,0.775932,0.700085
88.28125,0.044047,0.006182,0.052063,0.027761,0.0183,0.009794,0.046472,0.055071,0.069655,0.011157,0.079802,0.049249,0.034772,0.00686,0.017729,0.070029,0.733691,0.593261,0.44985,0.868062,0.87717,0.822019,0.935343,1,0.685175,0.571868,0.616631,0.809777,0.180506,0.440896,0.743483,0.696573
88.671875,0.102369,0.037971,0.112852,0.091714,0.016561,0.002293,0.071663,0.090981,0.071466,0.021807,0.025078,0.049573,0.05455,0.003321,0.011003,0.009574,0.741537,0.62137,0.356252,0.870694,0.855174,0.845263,0.934548,1,0.703665,0.575978,0.619773,0.848902,0.115452,0.436958,0.782485,0.756117
89.0625,0.178786,0.02691,0.106606,0.107431,0.102734,0.06909,0.066827,0.078965,0.055006,0.01399,0.03453,0.196874,0.009422,0.033974,0.048332,0.067082,0.638205,0.520748,0.398053,0.864731,0.816569,0.817365,0.930019,1,0.730504,0.60822,0.502743,0.816218,0.021884,0.28349,0.706983,0.712485
89.453125,0.059784,0.151217,0.186204,0.160841,0.05932,0.183914,0.196973,0.179534,0.296504,0.056283,0.084087,0.07463,0.061412,0.237892,0.017468,0.004377,0.755829,0.703911,0.321913,0.890408,0.839561,0.832082,0.934763,1,0.734099,0.685255,0.599082,0.846462,0.09446,0.454836,0.759828,0.721462
89.84375,0.008762,0.046969,0.042248,0.026124,0.012245,0.03535,0.040717,0.059576,0.130604,0.026316,0.017992,0.059788,0.014851,0.054019,0.007531,0.002448,0.781058,0.700322,0.374399,0.889429,0.830399,0.778889,0.932168,1,0.641645,0.638399,0.516684,0.892429,0.003833,0.309742,0.739829,0.740442
90.234375,0.00683,0.049821,0.009163,0.001988,0.010663,0.042655,0.008678,0.006481,0.022322,0.018497,0.004464,0.032239,0.047154,0.049563,0.034871,0.010406,0.544317,0.48545,0.454707,0.869278,0.752913,0.696753,0.936215,1,0.643111,0.533794,0.357242,0.816502,0.069367,0.120335,0.654581,0.557763
90.625,0.047009,0.032732,0.017177,0.019933,0.010719,0.020736,0.031511,0.019258,0.082179,0.009905,0.020282,0.051512,0.065572,0.021748,0.029772,0.034644,0.502815,0.526257,0.56674,0.86639,0.741528,0.706327,0.933833,1,0.731681,0.643924,0.354827,0.764128,0.144393,0.167255,0.643852,0.571936
91.015625,0.092794,0.064088,0.011737,0.007921,0.008616,0.064482,0.020226,0.012285,0.113025,0.009482,0.065347,0.101092,0.033379,0.013539,0.08859,0.135859,0.628157,0.614168,0.376316,0.780709,0.823106,0.831789,0.944018,1,0.743134,0.649047,0.544556,0.857304,0.022087,0.343726,0.785989,0.708083
91.40625,0.056382,0.045311,0.048198,0.044927,0.009901,0.042682,0.046679,0.028834,0.090453,0.060948,0.018068,0.118701,0.029406,0.029229,0.028074,0.055998,0.548512,0.498548,0.310607,0.799973,0.770682,0.734346,0.910611,1,0.673773,0.567877,0.394891,0.777543,0.057753,0.240267,0.665277,0.616819
91.796875,0.136608,0.101845,0.106057,0.041538,0.065405,0.119819,0.103353,0.063111,0.126384,0.075626,0.081782,0.093121,0.080253,0.043648,0.006617,0.016843,0.698456,0.599277,0.491043,0.878666,0.797018,0.703044,0.932943,1,0.752891,0.55738,0.59406,0.826432,0.029537,0.360162,0.745036,0.720141
92.1875,0.081061,0.019656,0.192715,0.027289,0.108545,0.019289,0.19924,0.173131,0.205946,0.01887,0.038504,0.086627,0.077801,0.029148,0.080332,0.081536,0.719861,0.656082,0.358164,0.858634,0.816863,0.812381,0.941048,1,0.635291,0.440859,0.565949,0.827439,0.040479,0.362181,0.744322,0.702766
92.578125,0.11326,0.026407,0.245548,0.117636,0.008624,0.007657,0.187812,0.138214,0.198294,0.033095,0.008899,0.091173,0.071692,0.098481,0.07828,0.041694,0.622281,0.540875,0.34161,0.863335,0.764303,0.704209,0.935115,1,0.655833,0.581665,0.507232,0.808067,0.051492,0.283422,0.696935,0.610495
92.96875,0.0238,0.018475,0.264535,0.150651,0.023556,0.001902,0.182008,0.091043,0.193959,0.042395,0.073037,0.037997,0.07846,0.037461,0.07717,0.010112,0.635478,0.481134,0.324265,0.796016,0.696588,0.708178,0.904886,1,0.664075,0.5794,0.518739,0.821642,0.080327,0.240662,0.722125,0.670736
93.359375,0.087674,0.019079,0.158334,0.102465,0.006784,0.059251,0.11843,0.029625,0.193051,0.06042,0.083325,0.150161,0.03124,0.01344,0.003872,0.049994,0.659264,0.539918,0.381335,0.842469,0.751752,0.720877,0.901264,1,0.704056,0.640556,0.588794,0.804629,0.005534,0.386114,0.734441,0.695402
93.75,0.022825,0.012223,0.104727,0.02281,0.01074,0.029033,0.015221,0.002301,0.111687,0.031651,0.005875,0.025662,0.017241,0.001866,0.014098,0.023027,0.540168,0.450602,0.494023,0.836548,0.660489,0.734724,0.902265,1,0.667416,0.45444,0.455127,0.716138,0.059464,0.369216,0.59595,0.490202
94.140625,0.032341,0.01103,0.016229,0.016308,0.010085,0.043014,0.020812,0.038799,0.059249,0.043525,0.020362,0.021452,0.004075,0.043688,0.013928,0.013373,0.601633,0.537869,0.441705,0.786185,0.676425,0.773284,0.90515,1,0.623254,0.409743,0.508211,0.748921,0.035361,0.305531,0.641772,0.555311
94.53125,0.029554,0.035661,0.049645,0.029417,0.104506,0.051927,0.078852,0.08966,0.110861,0.037516,0.018799,0.091962,0.029245,0.011378,0.031497,0.040824,0.625791,0.560017,0.284634,0.781171,0.754233,0.79504,0.888028,1,0.615521,0.398149,0.533678,0.801543,0.065562,0.284581,0.732684,0.667096
94.921875,0.014745,0.04932,0.071558,0.036286,0.055986,0.03358,0.026014,0.059445,0.032885,0.051647,0.072296,0.029427,0.056866,0.02253,0.057923,0.049997,0.554704,0.459387,0.527155,0.880226,0.795304,0.783359,0.940921,1,0.687,0.505528,0.46345,0.81967,0.037628,0.212638,0.718187,0.686309
95.3125,0.034028,0.011643,0.107449,0.072018,0.088423,0.019649,0.053507,0.075312,0.073943,0.094739,0.037781,0.031915,0.018338,0.036027,0.065706,0.035149,0.67271,0.596803,0.293807,0.846492,0.800013,0.800422,0.927196,1,0.590242,0.426585,0.535953,0.78346,0.08836,0.38398,0.730519,0.642025
95.703125,0.015912,0.010786,0.111465,0.118981,0.109076,0.074175,0.091706,0.093791,0.050217,0.040817,0.00422,0.028753,0.001046,0.036461,0.02353,0.053691,0.628636,0.513597,0.345778,0.788575,0.763048,0.71231,0.886775,1,0.565088,0.435568,0.355444,0.804604,0.029396,0.145958,0.620312,0.612088
96.09375,0.084741,0.073208,0.060801,0.070178,0.011263,0.009935,0.072743,0.037254,0.10909,0.022218,0.008145,0.03814,0.074466,0.012444,0.009025,0.10909,0.609619,0.451457,0.435372,0.817192,0.772492,0.696943,0.902396,1,0.676867,0.559332,0.474132,0.787472,0.018138,0.298559,0.658992,0.653883
96.484375,0.010593,0.033253,0.032062,0.019246,0.015118,0.021322,0.016859,0.026383,0.06099,0.021074,0.027347,0.042602,0.05502,0.011077,0.029438,0.029702,0.505652,0.494944,0.388197,0.78,0.671041,0.690226,0.91539,1,0.588198,0.513298,0.492096,0.824303,0.035862,0.324181,0.709696,0.6291
96.875,0.010004,0.020523,0.005064,0.015253,0.086194,0.057167,0.021695,0.031716,0.044009,0.033624,0.007106,0.025502,0.033568,0.044181,0.019309,0.0304,0.481952,0.41233,0.474308,0.820199,0.658296,0.718715,0.91177,1,0.659168,0.482661,0.410924,0.778792,0.079254,0.161998,0.683615,0.617442
97.265625,0.004084,0.017248,0.030896,0.005783,0.076583,0.030862,0.013365,0.017604,0.02082,0.019237,0.021401,0.011919,0.023141,0.06069,0.01255,0.037986,0.479037,0.328068,0.477512,0.798484,0.735403,0.683702,0.92061,1,0.662493,0.569515,0.319444,0.744323,0.061393,0.137628,0.634915,0.558411
97.65625,0.021693,0.060833,0.068069,0.048522,0.019057,0.129849,0.02702,0.061511,0.053383,0.018983,0.043495,0.021411,0.030301,0.01446,0.026648,0.052051,0.522965,0.51418,0.548245,0.839104,0.717836,0.686271,0.911027,1,0.676288,0.643119,0.483103,0.760252,0.10775,0.323772,0.690069,0.638133
98.046875,0.011021,0.021554,0.127111,0.094399,0.051918,0.045831,0.115573,0.070074,0.085592,0.166987,0.047379,0.028321,0.011465,0.026535,0.023355,0.002608,0.422656,0.416481,0.372951,0.790044,0.635863,0.609962,0.828715,1,0.548549,0.40126,0.338809,0.655395,0.011411,0.184223,0.539202,0.513269
98.4375,0.015931,0.015236,0.03733,0.008663,0.002651,0.031834,0.027332,0.007528,0.059841,0.066536,0.03159,0.089694,0.023305,0.070854,0.017946,0.019483,0.46804,0.43191,0.578341,0.850082,0.692411,0.613293,0.897627,1,0.699396,0.475645,0.366742,0.713319,0.011869,0.215378,0.577425,0.585529
98.828125,0.035977,0.04117,0.014944,0.033427,0.020958,0.092177,0.025307,0.0186,0.052455,0.022425,0.013028,0.03035,0.02553,0.223412,0.062836,0.006129,0.538333,0.517499,0.5938,0.892221,0.733775,0.707975,0.936714,1,0.715359,0.487671,0.416249,0.751393,0.043658,0.177476,0.681983,0.623428
99.21875,0.006441,0.011598,0.011925,0.011662,0.024194,0.016762,0.019814,0.033138,0.01965,0.012147,0.007454,0.084521,0.031265,0.083965,0.03681,0.009855,0.505939,0.439525,0.461649,0.820754,0.615091,0.663355,0.894312,1,0.655057,0.52293,0.321591,0.703385,0.050161,0.103172,0.590501,0.530768
99.609375,0.042093,0.106879,0.031888,0.056217,0.039153,0.149749,0.052981,0.074999,0.118478,0.019371,0.028168,0.027316,0.046227,0.019713,0.024935,0.022552,0.583337,0.457337,0.437018,0.767829,0.736217,0.722363,0.891502,1,0.699089,0.591673,0.406736,0.731455,0.008005,0.205565,0.611626,0.60186
100,0,0,0,0,0,0,0,0,0,0,0,0,0,0,0,0,0,0,0,0,0,0,0,0,0,0,0,0,0,0,0,0